45 #SUP: 625
196 #SUP: 1507
260 #SUP: 1215
329 #SUP: 480
432 #SUP: 1277
651 #SUP: 586
890 #SUP: 837
1158 #SUP: 746
1194 #SUP: 428
1244 #SUP: 487
1463 #SUP: 858
1511 #SUP: 575
1940 #SUP: 931
1999 #SUP: 450
2078 #SUP: 736
2086 #SUP: 821
2295 #SUP: 1166
2295 15290 #SUP: 396
2450 #SUP: 405
2452 #SUP: 453
2825 #SUP: 416
2855 #SUP: 428
2966 #SUP: 729
3376 #SUP: 592
3464 #SUP: 428
3599 #SUP: 546
3952 #SUP: 804
3957 #SUP: 1298
4086 #SUP: 510
4210 #SUP: 1335
4367 #SUP: 429
4461 #SUP: 407
4472 #SUP: 618
4562 #SUP: 773
4605 #SUP: 3762
4605 21903 #SUP: 544
4605 24852 #SUP: 1071
4605 26209 #SUP: 496
4605 47626 #SUP: 747
4605 47766 #SUP: 535
4656 #SUP: 438
4799 #SUP: 1324
4920 #SUP: 4059
4920 13176 #SUP: 778
4920 16797 #SUP: 543
4920 21137 #SUP: 772
4920 21903 #SUP: 492
4920 24852 #SUP: 1162
4920 47626 #SUP: 474
4920 47766 #SUP: 459
4957 #SUP: 647
5025 #SUP: 1445
5077 #SUP: 2298
5077 24852 #SUP: 628
5134 #SUP: 513
5161 #SUP: 446
5194 #SUP: 475
5212 #SUP: 854
5258 #SUP: 673
5450 #SUP: 3103
5450 13176 #SUP: 522
5450 21137 #SUP: 507
5450 21903 #SUP: 438
5450 24852 #SUP: 865
5450 47626 #SUP: 421
5456 #SUP: 516
5479 #SUP: 1132
5612 #SUP: 432
5618 #SUP: 578
5646 #SUP: 603
5769 #SUP: 508
5782 #SUP: 647
5785 #SUP: 1535
5818 #SUP: 873
5876 #SUP: 3505
5876 13176 #SUP: 1067
5876 21137 #SUP: 677
5876 21903 #SUP: 618
5876 22935 #SUP: 412
5876 24964 #SUP: 458
5876 26209 #SUP: 467
5876 27966 #SUP: 459
5876 30391 #SUP: 440
5876 47209 #SUP: 781
6046 #SUP: 943
6104 #SUP: 554
6184 #SUP: 1351
6187 #SUP: 600
6348 #SUP: 564
6631 #SUP: 428
6873 #SUP: 587
7021 #SUP: 707
7175 #SUP: 567
7503 #SUP: 448
7559 #SUP: 459
7628 #SUP: 653
7644 #SUP: 398
7751 #SUP: 625
7781 #SUP: 1342
7948 #SUP: 743
7963 #SUP: 492
7969 #SUP: 472
8021 #SUP: 1183
8048 #SUP: 610
8174 #SUP: 1980
8174 13176 #SUP: 725
8174 21137 #SUP: 419
8193 #SUP: 1418
8277 #SUP: 2252
8277 13176 #SUP: 687
8277 21137 #SUP: 483
8277 24852 #SUP: 407
8277 47209 #SUP: 401
8424 #SUP: 2932
8424 21137 #SUP: 401
8424 21903 #SUP: 518
8424 24852 #SUP: 925
8424 47626 #SUP: 526
8424 47766 #SUP: 475
8518 #SUP: 3818
8518 13176 #SUP: 805
8518 21137 #SUP: 597
8518 21903 #SUP: 741
8518 22935 #SUP: 446
8518 24852 #SUP: 659
8518 24964 #SUP: 563
8518 26209 #SUP: 660
8518 30391 #SUP: 485
8518 31717 #SUP: 571
8518 40706 #SUP: 404
8518 45007 #SUP: 457
8518 47209 #SUP: 540
8518 47626 #SUP: 665
8518 47766 #SUP: 531
8571 #SUP: 632
8670 #SUP: 628
8859 #SUP: 950
9020 #SUP: 426
9076 #SUP: 2323
9076 16797 #SUP: 398
9076 24852 #SUP: 716
9092 #SUP: 423
9339 #SUP: 484
9387 #SUP: 1379
9387 24852 #SUP: 434
9825 #SUP: 421
9839 #SUP: 1653
9839 13176 #SUP: 525
10017 #SUP: 543
10070 #SUP: 409
10132 #SUP: 696
10246 #SUP: 1062
10326 #SUP: 421
10385 #SUP: 518
10644 #SUP: 579
10673 #SUP: 669
10749 #SUP: 2393
10749 13176 #SUP: 629
10749 21137 #SUP: 558
10749 21903 #SUP: 431
10749 24852 #SUP: 458
10749 47209 #SUP: 429
10957 #SUP: 645
11068 #SUP: 462
11182 #SUP: 1147
11408 #SUP: 485
11422 #SUP: 486
11520 #SUP: 1898
11520 13176 #SUP: 438
11712 #SUP: 458
11759 #SUP: 416
11777 #SUP: 1493
11777 24852 #SUP: 439
12206 #SUP: 699
12276 #SUP: 418
12341 #SUP: 2276
12341 13176 #SUP: 554
12456 #SUP: 521
12576 #SUP: 465
12845 #SUP: 444
12872 #SUP: 420
12916 #SUP: 634
13176 #SUP: 15480
13176 16759 #SUP: 465
13176 16797 #SUP: 777
13176 17794 #SUP: 444
13176 18465 #SUP: 445
13176 19057 #SUP: 973
13176 19660 #SUP: 427
13176 21137 #SUP: 3074
13176 21137 21903 #SUP: 587
13176 21137 27966 #SUP: 649
13176 21137 30391 #SUP: 424
13176 21137 47209 #SUP: 710
13176 21616 #SUP: 575
13176 21903 #SUP: 2236
13176 21903 47209 #SUP: 497
13176 22035 #SUP: 587
13176 22825 #SUP: 604
13176 22935 #SUP: 1000
13176 24838 #SUP: 452
13176 24964 #SUP: 912
13176 26209 #SUP: 932
13176 26604 #SUP: 492
13176 27104 #SUP: 586
13176 27156 #SUP: 412
13176 27521 #SUP: 454
13176 27845 #SUP: 1118
13176 27966 #SUP: 1780
13176 27966 47209 #SUP: 531
13176 28204 #SUP: 462
13176 28985 #SUP: 535
13176 30391 #SUP: 1268
13176 30489 #SUP: 561
13176 31717 #SUP: 714
13176 34126 #SUP: 474
13176 35951 #SUP: 612
13176 37646 #SUP: 810
13176 39275 #SUP: 1137
13176 39877 #SUP: 650
13176 39928 #SUP: 654
13176 40706 #SUP: 820
13176 41950 #SUP: 635
13176 42265 #SUP: 825
13176 43352 #SUP: 556
13176 43961 #SUP: 576
13176 44359 #SUP: 632
13176 44632 #SUP: 487
13176 45007 #SUP: 1041
13176 45066 #SUP: 593
13176 46667 #SUP: 487
13176 46979 #SUP: 728
13176 47209 #SUP: 2420
13176 47626 #SUP: 1057
13176 47766 #SUP: 1070
13176 48679 #SUP: 632
13176 49235 #SUP: 490
13198 #SUP: 642
13249 #SUP: 515
13263 #SUP: 420
13380 #SUP: 473
13517 #SUP: 498
13535 #SUP: 723
13629 #SUP: 772
13646 #SUP: 622
13733 #SUP: 525
13740 #SUP: 475
13829 #SUP: 521
13870 #SUP: 991
13984 #SUP: 742
14084 #SUP: 544
14161 #SUP: 412
14197 #SUP: 503
14218 #SUP: 540
14233 #SUP: 554
14462 #SUP: 409
14678 #SUP: 753
14715 #SUP: 414
14897 #SUP: 407
14947 #SUP: 1125
14992 #SUP: 1160
15290 #SUP: 1864
15290 24852 #SUP: 487
15424 #SUP: 524
15613 #SUP: 495
15872 #SUP: 686
15902 #SUP: 552
15937 #SUP: 778
16083 #SUP: 619
16185 #SUP: 1262
16349 #SUP: 704
16696 #SUP: 493
16759 #SUP: 1742
16797 #SUP: 6494
16797 21903 #SUP: 650
16797 24852 #SUP: 1948
16797 26209 #SUP: 405
16797 26604 #SUP: 408
16797 39275 #SUP: 563
16797 43352 #SUP: 658
16797 47626 #SUP: 671
16797 47766 #SUP: 575
16953 #SUP: 991
16965 #SUP: 635
17008 #SUP: 433
17122 #SUP: 670
17316 #SUP: 468
17461 #SUP: 646
17600 #SUP: 733
17616 #SUP: 394
17706 #SUP: 417
17758 #SUP: 507
17794 #SUP: 2497
17794 21903 #SUP: 438
17794 24852 #SUP: 527
17795 #SUP: 598
17872 #SUP: 628
17948 #SUP: 1065
18027 #SUP: 698
18234 #SUP: 475
18288 #SUP: 511
18362 #SUP: 938
18370 #SUP: 592
18441 #SUP: 610
18465 #SUP: 1767
18479 #SUP: 412
18523 #SUP: 810
18531 #SUP: 866
18656 #SUP: 411
18811 #SUP: 462
18918 #SUP: 441
18963 #SUP: 433
19019 #SUP: 508
19048 #SUP: 715
19057 #SUP: 2891
19057 21137 #SUP: 650
19057 21903 #SUP: 465
19057 24852 #SUP: 477
19057 27966 #SUP: 434
19057 47209 #SUP: 496
19173 #SUP: 444
19348 #SUP: 1220
19508 #SUP: 609
19660 #SUP: 2225
19677 #SUP: 564
19678 #SUP: 1174
19691 #SUP: 599
20082 #SUP: 523
20114 #SUP: 1899
20114 24852 #SUP: 395
20114 26209 #SUP: 547
20119 #SUP: 714
20345 #SUP: 473
20734 #SUP: 420
20738 #SUP: 443
20842 #SUP: 1046
20955 #SUP: 590
20995 #SUP: 1361
21019 #SUP: 791
21137 #SUP: 10894
21137 21616 #SUP: 420
21137 21903 #SUP: 1639
21137 22035 #SUP: 515
21137 22825 #SUP: 478
21137 22935 #SUP: 671
21137 24852 #SUP: 2174
21137 24964 #SUP: 640
21137 26209 #SUP: 817
21137 26604 #SUP: 637
21137 27104 #SUP: 497
21137 27845 #SUP: 954
21137 27966 #SUP: 1670
21137 30391 #SUP: 1032
21137 30489 #SUP: 515
21137 31717 #SUP: 537
21137 37067 #SUP: 450
21137 37646 #SUP: 574
21137 39275 #SUP: 1269
21137 39877 #SUP: 503
21137 39928 #SUP: 517
21137 40706 #SUP: 742
21137 41950 #SUP: 487
21137 42265 #SUP: 693
21137 43352 #SUP: 563
21137 43961 #SUP: 453
21137 44359 #SUP: 462
21137 45007 #SUP: 751
21137 45066 #SUP: 572
21137 46979 #SUP: 634
21137 47209 #SUP: 1539
21137 47626 #SUP: 1017
21137 47766 #SUP: 1088
21137 48679 #SUP: 452
21174 #SUP: 475
21195 #SUP: 620
21267 #SUP: 738
21288 #SUP: 1077
21292 #SUP: 536
21333 #SUP: 516
21376 #SUP: 753
21405 #SUP: 1041
21573 #SUP: 540
21616 #SUP: 2923
21616 21903 #SUP: 567
21616 24852 #SUP: 594
21616 47626 #SUP: 500
21616 47766 #SUP: 432
21709 #SUP: 1423
21872 #SUP: 450
21903 #SUP: 9784
21903 22935 #SUP: 748
21903 24184 #SUP: 474
21903 24852 #SUP: 2000
21903 24852 47766 #SUP: 484
21903 24964 #SUP: 822
21903 26209 #SUP: 939
21903 27104 #SUP: 489
21903 27845 #SUP: 675
21903 27966 #SUP: 764
21903 28985 #SUP: 532
21903 30391 #SUP: 933
21903 30489 #SUP: 463
21903 31717 #SUP: 653
21903 34126 #SUP: 446
21903 35951 #SUP: 452
21903 37646 #SUP: 461
21903 39275 #SUP: 686
21903 39877 #SUP: 414
21903 40706 #SUP: 848
21903 41950 #SUP: 426
21903 42265 #SUP: 625
21903 43961 #SUP: 418
21903 44359 #SUP: 503
21903 45007 #SUP: 950
21903 45066 #SUP: 496
21903 46667 #SUP: 470
21903 46979 #SUP: 699
21903 47209 #SUP: 1252
21903 47626 #SUP: 1238
21903 47766 #SUP: 1402
21903 48679 #SUP: 617
21938 #SUP: 2521
21938 24184 #SUP: 483
21938 24852 #SUP: 612
22035 #SUP: 1993
22035 24852 #SUP: 475
22124 #SUP: 441
22395 #SUP: 542
22474 #SUP: 397
22825 #SUP: 1893
22825 24852 #SUP: 408
22935 #SUP: 4290
22935 24852 #SUP: 679
22935 24964 #SUP: 850
22935 26209 #SUP: 538
22935 30391 #SUP: 418
22935 31717 #SUP: 449
22935 44359 #SUP: 401
22935 45007 #SUP: 497
22935 47209 #SUP: 731
22935 47626 #SUP: 539
22935 47766 #SUP: 453
22959 #SUP: 488
22963 #SUP: 1123
23029 #SUP: 495
23165 #SUP: 764
23288 #SUP: 793
23375 #SUP: 754
23537 #SUP: 499
23734 #SUP: 1022
23909 #SUP: 1540
24024 #SUP: 461
24184 #SUP: 2905
24184 24852 #SUP: 838
24184 26209 #SUP: 406
24184 47626 #SUP: 445
24184 47766 #SUP: 470
24489 #SUP: 1213
24561 #SUP: 538
24799 #SUP: 757
24830 #SUP: 1152
24838 #SUP: 2169
24838 24852 #SUP: 433
24852 #SUP: 18726
24852 24964 #SUP: 714
24852 25890 #SUP: 586
24852 26209 #SUP: 1331
24852 26209 47626 #SUP: 452
24852 26604 #SUP: 690
24852 27086 #SUP: 516
24852 27104 #SUP: 512
24852 27845 #SUP: 1044
24852 27966 #SUP: 899
24852 28199 #SUP: 466
24852 28204 #SUP: 1210
24852 28842 #SUP: 471
24852 28985 #SUP: 638
24852 29487 #SUP: 572
24852 30391 #SUP: 831
24852 30489 #SUP: 651
24852 31717 #SUP: 592
24852 34358 #SUP: 422
24852 34969 #SUP: 594
24852 37646 #SUP: 666
24852 39275 #SUP: 925
24852 39877 #SUP: 460
24852 40706 #SUP: 869
24852 41787 #SUP: 466
24852 41950 #SUP: 411
24852 42265 #SUP: 739
24852 43352 #SUP: 623
24852 43961 #SUP: 646
24852 44359 #SUP: 427
24852 44632 #SUP: 665
24852 45007 #SUP: 939
24852 45066 #SUP: 1231
24852 46906 #SUP: 402
24852 46979 #SUP: 793
24852 47144 #SUP: 437
24852 47209 #SUP: 947
24852 47626 #SUP: 2158
24852 47626 47766 #SUP: 477
24852 47766 #SUP: 2216
24852 48679 #SUP: 549
24852 49235 #SUP: 500
24852 49683 #SUP: 743
24964 #SUP: 4158
24964 26209 #SUP: 654
24964 30391 #SUP: 415
24964 31717 #SUP: 518
24964 34126 #SUP: 492
24964 45007 #SUP: 472
24964 46667 #SUP: 444
24964 47209 #SUP: 657
24964 47626 #SUP: 780
24964 47766 #SUP: 568
25138 #SUP: 518
25146 #SUP: 1054
25466 #SUP: 689
25513 #SUP: 497
25588 #SUP: 401
25659 #SUP: 1045
25824 #SUP: 524
25890 #SUP: 2088
25931 #SUP: 710
26165 #SUP: 847
26209 #SUP: 6033
26209 27966 #SUP: 411
26209 28842 #SUP: 558
26209 30391 #SUP: 511
26209 31717 #SUP: 1007
26209 45007 #SUP: 494
26209 46979 #SUP: 417
26209 47209 #SUP: 786
26209 47626 #SUP: 1595
26209 47766 #SUP: 1037
26283 #SUP: 494
26348 #SUP: 489
26369 #SUP: 1221
26497 #SUP: 615
26604 #SUP: 2843
26604 27966 #SUP: 491
26620 #SUP: 899
26790 #SUP: 651
26800 #SUP: 433
26940 #SUP: 730
27086 #SUP: 2424
27104 #SUP: 2651
27156 #SUP: 1576
27323 #SUP: 543
27325 #SUP: 441
27336 #SUP: 607
27344 #SUP: 1788
27521 #SUP: 1761
27548 #SUP: 496
27695 #SUP: 554
27730 #SUP: 459
27796 #SUP: 488
27845 #SUP: 4908
27845 27966 #SUP: 412
27845 47209 #SUP: 465
27845 47626 #SUP: 498
27845 47766 #SUP: 501
27966 #SUP: 5546
27966 30391 #SUP: 566
27966 39275 #SUP: 694
27966 45007 #SUP: 410
27966 47209 #SUP: 1019
27966 47626 #SUP: 502
27966 47766 #SUP: 479
28156 #SUP: 660
28199 #SUP: 1478
28204 #SUP: 3257
28289 #SUP: 830
28427 #SUP: 395
28465 #SUP: 705
28745 #SUP: 429
28842 #SUP: 1920
28842 47626 #SUP: 411
28849 #SUP: 1250
28934 #SUP: 687
28985 #SUP: 2627
28985 47626 #SUP: 480
28985 47766 #SUP: 413
28993 #SUP: 728
29127 #SUP: 419
29307 #SUP: 459
29447 #SUP: 572
29487 #SUP: 1953
29553 #SUP: 471
29987 #SUP: 944
30169 #SUP: 638
30233 #SUP: 1137
30353 #SUP: 415
30391 #SUP: 4613
30391 31717 #SUP: 399
30391 40706 #SUP: 505
30391 44359 #SUP: 404
30391 45007 #SUP: 487
30391 47209 #SUP: 831
30391 47626 #SUP: 670
30391 47766 #SUP: 548
30406 #SUP: 421
30450 #SUP: 850
30489 #SUP: 2858
30696 #SUP: 470
30720 #SUP: 657
30776 #SUP: 855
30827 #SUP: 693
31040 #SUP: 707
31066 #SUP: 407
31215 #SUP: 445
31343 #SUP: 1036
31506 #SUP: 2068
31553 #SUP: 1284
31683 #SUP: 819
31717 #SUP: 3526
31717 47209 #SUP: 509
31717 47626 #SUP: 507
31717 47766 #SUP: 528
31915 #SUP: 501
31964 #SUP: 483
32177 #SUP: 610
32303 #SUP: 554
32433 #SUP: 497
32465 #SUP: 399
32478 #SUP: 763
32655 #SUP: 1052
32689 #SUP: 988
32691 #SUP: 443
32734 #SUP: 640
32864 #SUP: 914
33000 #SUP: 1476
33120 #SUP: 834
33129 #SUP: 694
33198 #SUP: 1803
33352 #SUP: 401
33401 #SUP: 568
33731 #SUP: 1694
33754 #SUP: 973
33768 #SUP: 542
33787 #SUP: 644
34050 #SUP: 581
34126 #SUP: 2400
34126 47626 #SUP: 468
34217 #SUP: 394
34243 #SUP: 1351
34262 #SUP: 494
34358 #SUP: 1920
34358 47626 #SUP: 443
34448 #SUP: 684
34466 #SUP: 443
34969 #SUP: 2234
35004 #SUP: 448
35042 #SUP: 734
35108 #SUP: 808
35140 #SUP: 476
35163 #SUP: 493
35221 #SUP: 1966
35221 44632 #SUP: 505
35547 #SUP: 619
35561 #SUP: 637
35628 #SUP: 443
35887 #SUP: 398
35898 #SUP: 495
35921 #SUP: 769
35939 #SUP: 850
35951 #SUP: 2176
36011 #SUP: 811
36070 #SUP: 754
36316 #SUP: 460
36550 #SUP: 562
36695 #SUP: 926
36735 #SUP: 457
36865 #SUP: 576
37029 #SUP: 423
37065 #SUP: 442
37067 #SUP: 2332
37158 #SUP: 570
37220 #SUP: 460
37524 #SUP: 450
37646 #SUP: 2809
37646 47209 #SUP: 401
37687 #SUP: 1362
37710 #SUP: 533
37766 #SUP: 635
38159 #SUP: 692
38164 #SUP: 461
38273 #SUP: 511
38293 #SUP: 958
38383 #SUP: 850
38400 #SUP: 633
38456 #SUP: 845
38557 #SUP: 593
38689 #SUP: 1206
38739 #SUP: 1633
38768 #SUP: 591
38777 #SUP: 590
38928 #SUP: 413
39180 #SUP: 483
39190 #SUP: 516
39275 #SUP: 4966
39275 43352 #SUP: 574
39275 47209 #SUP: 485
39275 47626 #SUP: 479
39275 47766 #SUP: 447
39408 #SUP: 959
39475 #SUP: 951
39561 #SUP: 437
39619 #SUP: 772
39812 #SUP: 665
39877 #SUP: 2337
39928 #SUP: 1880
39947 #SUP: 518
39984 #SUP: 631
39993 #SUP: 708
40174 #SUP: 686
40198 #SUP: 506
40199 #SUP: 614
40310 #SUP: 897
40332 #SUP: 690
40396 #SUP: 654
40516 #SUP: 624
40545 #SUP: 667
40571 #SUP: 648
40604 #SUP: 1449
40706 #SUP: 3823
40706 45007 #SUP: 397
40706 47209 #SUP: 498
40706 47626 #SUP: 577
40706 47766 #SUP: 684
40709 #SUP: 597
40723 #SUP: 730
41149 #SUP: 823
41220 #SUP: 1154
41290 #SUP: 791
41665 #SUP: 664
41787 #SUP: 1207
41844 #SUP: 1218
41950 #SUP: 2538
41950 47209 #SUP: 491
42110 #SUP: 409
42244 #SUP: 531
42265 #SUP: 3597
42265 47209 #SUP: 429
42265 47626 #SUP: 417
42342 #SUP: 928
42356 #SUP: 622
42445 #SUP: 428
42450 #SUP: 712
42585 #SUP: 1186
42625 #SUP: 658
42701 #SUP: 1047
42719 #SUP: 452
42736 #SUP: 1435
42768 #SUP: 1141
42828 #SUP: 1078
43086 #SUP: 644
43122 #SUP: 980
43154 #SUP: 686
43295 #SUP: 1248
43352 #SUP: 3279
43504 #SUP: 451
43662 #SUP: 437
43713 #SUP: 760
43768 #SUP: 943
43772 #SUP: 1024
43789 #SUP: 1222
43961 #SUP: 2460
44008 #SUP: 395
44142 #SUP: 1468
44234 #SUP: 394
44359 #SUP: 2623
44359 47209 #SUP: 417
44422 #SUP: 747
44449 #SUP: 584
44560 #SUP: 451
44570 #SUP: 616
44628 #SUP: 400
44632 #SUP: 3359
44683 #SUP: 1149
44765 #SUP: 465
44799 #SUP: 397
44910 #SUP: 777
44987 #SUP: 878
45007 #SUP: 4589
45007 46979 #SUP: 471
45007 47209 #SUP: 645
45007 47626 #SUP: 736
45007 47766 #SUP: 597
45066 #SUP: 3551
45066 47626 #SUP: 542
45066 47766 #SUP: 563
45104 #SUP: 436
45123 #SUP: 546
45200 #SUP: 444
45535 #SUP: 536
45603 #SUP: 644
46522 #SUP: 430
46584 #SUP: 459
46616 #SUP: 408
46654 #SUP: 874
46667 #SUP: 2007
46676 #SUP: 993
46720 #SUP: 527
46802 #SUP: 1077
46820 #SUP: 458
46906 #SUP: 1527
46969 #SUP: 706
46979 #SUP: 3868
46979 47209 #SUP: 422
46979 47626 #SUP: 702
46979 47766 #SUP: 501
47141 #SUP: 565
47144 #SUP: 1465
47209 #SUP: 7293
47209 47626 #SUP: 733
47209 48679 #SUP: 400
47626 #SUP: 8135
47626 47766 #SUP: 1349
47626 49683 #SUP: 424
47630 #SUP: 796
47672 #SUP: 835
47734 #SUP: 785
47759 #SUP: 489
47766 #SUP: 7409
47766 48679 #SUP: 400
47766 49683 #SUP: 403
47788 #SUP: 430
47977 #SUP: 630
48205 #SUP: 878
48364 #SUP: 916
48395 #SUP: 397
48628 #SUP: 400
48679 #SUP: 2568
48745 #SUP: 663
48775 #SUP: 590
49075 #SUP: 572
49131 #SUP: 444
49191 #SUP: 503
49235 #SUP: 2646
49383 #SUP: 641
49520 #SUP: 651
49683 #SUP: 2413
