34 #SUP: 243
45 #SUP: 625
45 24852 #SUP: 198
79 #SUP: 170
116 #SUP: 159
130 #SUP: 175
141 #SUP: 146
162 #SUP: 194
196 #SUP: 1507
196 46149 #SUP: 136
204 #SUP: 177
210 #SUP: 161
248 #SUP: 219
260 #SUP: 1215
260 4920 #SUP: 136
260 13176 #SUP: 311
260 16797 #SUP: 147
260 21137 #SUP: 330
260 21903 #SUP: 168
260 24852 #SUP: 331
260 27966 #SUP: 150
260 30391 #SUP: 152
260 47209 #SUP: 140
260 47626 #SUP: 150
260 47766 #SUP: 173
264 #SUP: 148
277 #SUP: 158
287 #SUP: 171
311 #SUP: 281
329 #SUP: 480
329 13176 #SUP: 170
343 #SUP: 153
365 #SUP: 295
397 #SUP: 188
429 #SUP: 138
432 #SUP: 1277
432 13176 #SUP: 160
432 21903 #SUP: 156
432 24852 #SUP: 378
432 47766 #SUP: 132
436 #SUP: 213
581 #SUP: 308
605 #SUP: 152
651 #SUP: 586
651 13176 #SUP: 137
781 #SUP: 257
790 #SUP: 169
812 #SUP: 184
881 #SUP: 134
890 #SUP: 837
890 13176 #SUP: 173
1006 #SUP: 207
1025 #SUP: 263
1090 #SUP: 372
1117 #SUP: 258
1158 #SUP: 746
1158 21903 #SUP: 166
1158 24852 #SUP: 256
1158 46802 #SUP: 159
1181 #SUP: 153
1194 #SUP: 428
1215 #SUP: 327
1217 #SUP: 219
1244 #SUP: 487
1244 13176 #SUP: 152
1263 #SUP: 208
1313 #SUP: 148
1360 #SUP: 244
1398 #SUP: 135
1408 #SUP: 367
1463 #SUP: 858
1463 13176 #SUP: 232
1463 21137 #SUP: 142
1468 #SUP: 276
1511 #SUP: 575
1511 24852 #SUP: 145
1516 #SUP: 233
1529 #SUP: 382
1559 #SUP: 206
1695 #SUP: 256
1700 #SUP: 370
1831 #SUP: 132
1890 #SUP: 201
1940 #SUP: 931
1940 24852 #SUP: 205
1999 #SUP: 450
2078 #SUP: 736
2086 #SUP: 821
2086 13176 #SUP: 149
2091 #SUP: 362
2099 #SUP: 153
2120 #SUP: 295
2180 #SUP: 305
2228 #SUP: 354
2295 #SUP: 1166
2295 4605 #SUP: 145
2295 8518 #SUP: 133
2295 13176 #SUP: 135
2295 15290 #SUP: 396
2295 16797 #SUP: 146
2295 21137 #SUP: 133
2295 21903 #SUP: 195
2295 21938 #SUP: 163
2295 24184 #SUP: 253
2295 24852 #SUP: 341
2295 26209 #SUP: 161
2295 47626 #SUP: 200
2295 47766 #SUP: 206
2314 #SUP: 347
2326 #SUP: 309
2344 #SUP: 145
2350 #SUP: 137
2361 #SUP: 369
2447 #SUP: 140
2450 #SUP: 405
2452 #SUP: 453
2480 #SUP: 205
2519 #SUP: 140
2536 #SUP: 205
2537 #SUP: 141
2581 #SUP: 138
2611 #SUP: 259
2716 #SUP: 263
2717 #SUP: 152
2732 #SUP: 189
2748 #SUP: 140
2825 #SUP: 416
2846 #SUP: 253
2855 #SUP: 428
2962 #SUP: 277
2966 #SUP: 729
2966 24852 #SUP: 172
2979 #SUP: 173
3020 #SUP: 217
3142 #SUP: 314
3243 #SUP: 152
3265 #SUP: 194
3298 #SUP: 369
3308 #SUP: 156
3318 #SUP: 173
3339 #SUP: 243
3376 #SUP: 592
3382 #SUP: 136
3389 #SUP: 201
3397 #SUP: 258
3464 #SUP: 428
3481 #SUP: 264
3583 #SUP: 302
3599 #SUP: 546
3599 21137 #SUP: 133
3599 24852 #SUP: 151
3631 #SUP: 159
3682 #SUP: 146
3696 #SUP: 176
3765 #SUP: 208
3798 #SUP: 259
3800 #SUP: 155
3843 #SUP: 256
3849 #SUP: 289
3856 #SUP: 171
3873 #SUP: 263
3880 #SUP: 204
3896 #SUP: 383
3896 13176 #SUP: 136
3919 #SUP: 194
3952 #SUP: 804
3952 13176 #SUP: 243
3952 21137 #SUP: 169
3952 21903 #SUP: 171
3957 #SUP: 1298
3957 13176 #SUP: 363
3957 21137 #SUP: 217
3957 21903 #SUP: 184
3957 24852 #SUP: 156
3957 27966 #SUP: 170
3957 47209 #SUP: 222
3990 #SUP: 386
3999 #SUP: 271
4006 #SUP: 283
4086 #SUP: 510
4137 #SUP: 301
4138 #SUP: 325
4149 #SUP: 338
4163 #SUP: 213
4210 #SUP: 1335
4210 24852 #SUP: 328
4317 #SUP: 193
4347 #SUP: 182
4357 #SUP: 144
4367 #SUP: 429
4421 #SUP: 202
4428 #SUP: 156
4451 #SUP: 158
4461 #SUP: 407
4462 #SUP: 233
4472 #SUP: 618
4562 #SUP: 773
4562 24852 #SUP: 183
4562 47626 #SUP: 142
4565 #SUP: 149
4595 #SUP: 191
4605 #SUP: 3762
4605 4920 #SUP: 193
4605 5450 #SUP: 242
4605 8424 #SUP: 257
4605 8518 #SUP: 272
4605 10749 #SUP: 150
4605 13176 #SUP: 364
4605 15290 #SUP: 156
4605 16797 #SUP: 280
4605 16797 24852 #SUP: 150
4605 17794 #SUP: 278
4605 20114 #SUP: 221
4605 21137 #SUP: 372
4605 21616 #SUP: 184
4605 21903 #SUP: 544
4605 21903 24852 #SUP: 188
4605 21903 47626 #SUP: 148
4605 21903 47766 #SUP: 138
4605 21938 #SUP: 277
4605 24184 #SUP: 275
4605 24852 #SUP: 1071
4605 24852 26209 #SUP: 153
4605 24852 45007 #SUP: 135
4605 24852 47626 #SUP: 257
4605 24852 47766 #SUP: 190
4605 24964 #SUP: 388
4605 25890 #SUP: 208
4605 26209 #SUP: 496
4605 26209 47626 #SUP: 179
4605 27104 #SUP: 185
4605 27845 #SUP: 217
4605 27966 #SUP: 159
4605 28204 #SUP: 180
4605 28842 #SUP: 235
4605 28849 #SUP: 150
4605 28985 #SUP: 202
4605 29487 #SUP: 176
4605 30391 #SUP: 224
4605 31553 #SUP: 152
4605 31717 #SUP: 252
4605 34126 #SUP: 212
4605 34358 #SUP: 286
4605 34969 #SUP: 190
4605 39275 #SUP: 143
4605 40706 #SUP: 219
4605 41950 #SUP: 140
4605 44359 #SUP: 216
4605 44632 #SUP: 150
4605 45007 #SUP: 383
4605 45066 #SUP: 187
4605 46979 #SUP: 262
4605 47209 #SUP: 231
4605 47626 #SUP: 747
4605 47626 47766 #SUP: 157
4605 47766 #SUP: 535
4605 48679 #SUP: 188
4605 49683 #SUP: 172
4656 #SUP: 438
4658 #SUP: 144
4671 #SUP: 142
4724 #SUP: 385
4778 #SUP: 196
4781 #SUP: 212
4792 #SUP: 185
4793 #SUP: 262
4796 #SUP: 253
4799 #SUP: 1324
4799 13176 #SUP: 247
4799 21137 #SUP: 246
4799 21903 #SUP: 229
4799 24852 #SUP: 267
4799 47209 #SUP: 165
4799 47626 #SUP: 186
4799 47766 #SUP: 168
4853 #SUP: 191
4889 #SUP: 140
4920 #SUP: 4059
4920 5450 #SUP: 191
4920 8277 #SUP: 142
4920 8424 #SUP: 196
4920 8518 #SUP: 193
4920 10749 #SUP: 134
4920 13176 #SUP: 778
4920 13176 21137 #SUP: 235
4920 13176 47209 #SUP: 142
4920 16797 #SUP: 543
4920 16797 24852 #SUP: 218
4920 19057 #SUP: 159
4920 21137 #SUP: 772
4920 21137 24852 #SUP: 227
4920 21616 #SUP: 157
4920 21903 #SUP: 492
4920 21903 24852 #SUP: 158
4920 21938 #SUP: 153
4920 22035 #SUP: 155
4920 22825 #SUP: 166
4920 22935 #SUP: 179
4920 24184 #SUP: 154
4920 24852 #SUP: 1162
4920 24852 47626 #SUP: 169
4920 24852 47766 #SUP: 189
4920 24964 #SUP: 212
4920 26209 #SUP: 325
4920 26604 #SUP: 189
4920 27104 #SUP: 170
4920 27845 #SUP: 309
4920 27966 #SUP: 303
4920 28204 #SUP: 250
4920 30391 #SUP: 245
4920 30489 #SUP: 190
4920 31717 #SUP: 144
4920 37646 #SUP: 179
4920 39275 #SUP: 287
4920 39928 #SUP: 136
4920 40706 #SUP: 255
4920 41950 #SUP: 153
4920 42265 #SUP: 297
4920 43352 #SUP: 221
4920 43961 #SUP: 176
4920 45007 #SUP: 271
4920 45066 #SUP: 322
4920 46979 #SUP: 224
4920 47209 #SUP: 330
4920 47626 #SUP: 474
4920 47766 #SUP: 459
4920 48679 #SUP: 148
4920 49683 #SUP: 134
4932 #SUP: 170
4942 #SUP: 361
4945 #SUP: 263
4957 #SUP: 647
4957 24852 #SUP: 193
4957 33754 #SUP: 234
4957 33787 #SUP: 179
4957 40571 #SUP: 174
5025 #SUP: 1445
5025 24852 #SUP: 333
5025 26209 #SUP: 206
5025 28842 #SUP: 187
5025 47626 #SUP: 229
5025 47766 #SUP: 133
5031 #SUP: 275
5067 #SUP: 224
5068 #SUP: 373
5077 #SUP: 2298
5077 13176 #SUP: 356
5077 16797 #SUP: 212
5077 21137 #SUP: 317
5077 21903 #SUP: 189
5077 24852 #SUP: 628
5077 27966 #SUP: 167
5077 47209 #SUP: 203
5077 47626 #SUP: 173
5077 47766 #SUP: 183
5097 #SUP: 226
5114 #SUP: 182
5120 #SUP: 164
5134 #SUP: 513
5134 13176 #SUP: 173
5134 21137 #SUP: 136
5161 #SUP: 446
5194 #SUP: 475
5212 #SUP: 854
5212 13176 #SUP: 206
5212 21137 #SUP: 192
5212 24852 #SUP: 184
5240 #SUP: 299
5250 #SUP: 192
5258 #SUP: 673
5322 #SUP: 361
5337 #SUP: 289
5373 #SUP: 358
5385 #SUP: 194
5428 #SUP: 198
5438 #SUP: 231
5449 #SUP: 336
5450 #SUP: 3103
5450 5876 #SUP: 166
5450 8424 #SUP: 185
5450 8518 #SUP: 211
5450 11777 #SUP: 153
5450 13176 #SUP: 522
5450 13176 21137 #SUP: 144
5450 16797 #SUP: 221
5450 17794 #SUP: 152
5450 21137 #SUP: 507
5450 21137 24852 #SUP: 152
5450 21616 #SUP: 149
5450 21903 #SUP: 438
5450 21903 24852 #SUP: 133
5450 22935 #SUP: 181
5450 24184 #SUP: 178
5450 24852 #SUP: 865
5450 24852 47626 #SUP: 141
5450 24964 #SUP: 177
5450 26209 #SUP: 356
5450 26604 #SUP: 144
5450 27104 #SUP: 139
5450 27845 #SUP: 204
5450 27966 #SUP: 288
5450 28204 #SUP: 199
5450 28985 #SUP: 138
5450 30391 #SUP: 255
5450 30489 #SUP: 176
5450 31717 #SUP: 218
5450 39275 #SUP: 141
5450 40706 #SUP: 216
5450 45007 #SUP: 290
5450 45066 #SUP: 178
5450 46979 #SUP: 226
5450 47626 #SUP: 421
5450 48679 #SUP: 159
5451 #SUP: 245
5456 #SUP: 516
5460 #SUP: 325
5479 #SUP: 1132
5479 13176 #SUP: 216
5479 21137 #SUP: 155
5479 21903 #SUP: 152
5479 24852 #SUP: 173
5479 47626 #SUP: 143
5491 #SUP: 146
5550 #SUP: 285
5603 #SUP: 139
5612 #SUP: 432
5618 #SUP: 578
5618 24852 #SUP: 134
5621 #SUP: 168
5640 #SUP: 170
5646 #SUP: 603
5646 13176 #SUP: 147
5652 #SUP: 308
5699 #SUP: 151
5746 #SUP: 202
5750 #SUP: 214
5764 #SUP: 142
5769 #SUP: 508
5782 #SUP: 647
5782 24852 #SUP: 189
5785 #SUP: 1535
5785 13176 #SUP: 344
5785 21137 #SUP: 264
5785 21903 #SUP: 165
5785 24852 #SUP: 290
5785 27966 #SUP: 178
5785 47209 #SUP: 208
5794 #SUP: 154
5818 #SUP: 873
5818 24852 #SUP: 192
5819 #SUP: 196
5825 #SUP: 148
5876 #SUP: 3505
5876 8174 #SUP: 223
5876 8277 #SUP: 178
5876 8518 #SUP: 350
5876 8518 13176 #SUP: 132
5876 9839 #SUP: 139
5876 10749 #SUP: 212
5876 13176 #SUP: 1067
5876 13176 21137 #SUP: 305
5876 13176 21903 #SUP: 249
5876 13176 22935 #SUP: 155
5876 13176 24964 #SUP: 154
5876 13176 27966 #SUP: 229
5876 13176 30391 #SUP: 202
5876 13176 47209 #SUP: 353
5876 16759 #SUP: 179
5876 17794 #SUP: 176
5876 19057 #SUP: 222
5876 21137 #SUP: 677
5876 21137 21903 #SUP: 154
5876 21137 27966 #SUP: 172
5876 21137 47209 #SUP: 212
5876 21616 #SUP: 231
5876 21903 #SUP: 618
5876 21903 47209 #SUP: 180
5876 22825 #SUP: 154
5876 22935 #SUP: 412
5876 24838 #SUP: 145
5876 24852 #SUP: 384
5876 24964 #SUP: 458
5876 24964 47209 #SUP: 135
5876 26209 #SUP: 467
5876 26604 #SUP: 134
5876 27104 #SUP: 215
5876 27521 #SUP: 212
5876 27845 #SUP: 177
5876 27966 #SUP: 459
5876 27966 47209 #SUP: 162
5876 28985 #SUP: 199
5876 30391 #SUP: 440
5876 30391 47209 #SUP: 135
5876 30489 #SUP: 197
5876 31717 #SUP: 324
5876 34126 #SUP: 276
5876 35951 #SUP: 132
5876 37067 #SUP: 147
5876 37646 #SUP: 204
5876 39275 #SUP: 229
5876 39877 #SUP: 218
5876 39928 #SUP: 171
5876 40706 #SUP: 233
5876 41950 #SUP: 239
5876 42265 #SUP: 161
5876 43961 #SUP: 145
5876 44359 #SUP: 245
5876 44632 #SUP: 140
5876 45007 #SUP: 338
5876 45066 #SUP: 148
5876 46667 #SUP: 280
5876 46979 #SUP: 273
5876 47209 #SUP: 781
5876 47766 #SUP: 243
5876 48679 #SUP: 186
5959 #SUP: 279
5991 #SUP: 259
5994 #SUP: 205
6046 #SUP: 943
6046 24852 #SUP: 230
6052 #SUP: 147
6069 #SUP: 137
6101 #SUP: 141
6104 #SUP: 554
6104 13176 #SUP: 137
6104 27845 #SUP: 163
6128 #SUP: 311
6182 #SUP: 202
6184 #SUP: 1351
6184 12341 #SUP: 153
6184 13176 #SUP: 341
6184 16797 #SUP: 191
6184 43352 #SUP: 158
6187 #SUP: 600
6187 24852 #SUP: 166
6193 #SUP: 190
6274 #SUP: 142
6287 #SUP: 252
6297 #SUP: 140
6300 #SUP: 142
6341 #SUP: 160
6343 #SUP: 183
6347 #SUP: 211
6348 #SUP: 564
6348 24852 #SUP: 143
6383 #SUP: 176
6448 #SUP: 164
6473 #SUP: 163
6489 #SUP: 311
6532 #SUP: 259
6615 #SUP: 262
6631 #SUP: 428
6647 #SUP: 135
6656 #SUP: 200
6740 #SUP: 242
6774 #SUP: 187
6846 #SUP: 140
6873 #SUP: 587
6948 #SUP: 320
7010 #SUP: 140
7014 #SUP: 147
7021 #SUP: 707
7021 24852 #SUP: 139
7035 #SUP: 261
7054 #SUP: 200
7088 #SUP: 134
7131 #SUP: 316
7156 #SUP: 250
7175 #SUP: 567
7179 #SUP: 160
7185 #SUP: 141
7361 #SUP: 155
7388 #SUP: 143
7412 #SUP: 146
7419 #SUP: 166
7461 #SUP: 166
7485 #SUP: 379
7500 #SUP: 327
7503 #SUP: 448
7521 #SUP: 181
7533 #SUP: 152
7559 #SUP: 459
7600 #SUP: 216
7628 #SUP: 653
7628 24852 #SUP: 171
7631 #SUP: 169
7632 #SUP: 137
7644 #SUP: 398
7649 #SUP: 163
7673 #SUP: 137
7693 #SUP: 170
7715 #SUP: 136
7736 #SUP: 332
7746 #SUP: 214
7751 #SUP: 625
7781 #SUP: 1342
7781 13176 #SUP: 352
7781 21137 #SUP: 296
7781 24852 #SUP: 271
7781 27966 #SUP: 157
7781 39275 #SUP: 132
7781 47209 #SUP: 174
7781 47766 #SUP: 134
7806 #SUP: 243
7862 #SUP: 224
7916 #SUP: 236
7948 #SUP: 743
7948 13176 #SUP: 194
7948 21137 #SUP: 136
7952 #SUP: 153
7963 #SUP: 492
7969 #SUP: 472
8006 #SUP: 193
8012 #SUP: 178
8021 #SUP: 1183
8021 13176 #SUP: 275
8021 21137 #SUP: 155
8021 21903 #SUP: 144
8021 24852 #SUP: 197
8021 47209 #SUP: 135
8022 #SUP: 218
8025 #SUP: 259
8048 #SUP: 610
8048 8571 #SUP: 132
8048 12341 #SUP: 156
8048 16797 #SUP: 149
8087 #SUP: 283
8138 #SUP: 369
8153 #SUP: 253
8174 #SUP: 1980
8174 8277 #SUP: 136
8174 8518 #SUP: 177
8174 13176 #SUP: 725
8174 13176 21137 #SUP: 202
8174 13176 21903 #SUP: 133
8174 13176 27966 #SUP: 151
8174 13176 47209 #SUP: 196
8174 19057 #SUP: 210
8174 21137 #SUP: 419
8174 21903 #SUP: 313
8174 22935 #SUP: 162
8174 24852 #SUP: 312
8174 24964 #SUP: 180
8174 26209 #SUP: 216
8174 27845 #SUP: 135
8174 27966 #SUP: 279
8174 30391 #SUP: 230
8174 37646 #SUP: 166
8174 39275 #SUP: 165
8174 39877 #SUP: 143
8174 39928 #SUP: 145
8174 40706 #SUP: 149
8174 45007 #SUP: 158
8174 47209 #SUP: 371
8174 47626 #SUP: 249
8174 47766 #SUP: 205
8193 #SUP: 1418
8193 13176 #SUP: 158
8193 21137 #SUP: 138
8193 21903 #SUP: 154
8193 24852 #SUP: 391
8193 47626 #SUP: 191
8193 47766 #SUP: 134
8195 #SUP: 141
8204 #SUP: 248
8230 #SUP: 282
8239 #SUP: 324
8277 #SUP: 2252
8277 8518 #SUP: 136
8277 13176 #SUP: 687
8277 13176 21137 #SUP: 208
8277 13176 27966 #SUP: 140
8277 13176 47209 #SUP: 180
8277 21137 #SUP: 483
8277 21903 #SUP: 318
8277 22935 #SUP: 184
8277 24852 #SUP: 407
8277 24964 #SUP: 182
8277 26209 #SUP: 179
8277 27845 #SUP: 166
8277 27966 #SUP: 325
8277 30391 #SUP: 221
8277 39275 #SUP: 178
8277 40706 #SUP: 160
8277 42265 #SUP: 162
8277 45007 #SUP: 177
8277 47209 #SUP: 401
8277 47626 #SUP: 240
8277 47766 #SUP: 211
8309 #SUP: 362
8309 28465 #SUP: 153
8390 #SUP: 151
8424 #SUP: 2932
8424 8518 #SUP: 211
8424 13176 #SUP: 346
8424 15290 #SUP: 144
8424 16797 #SUP: 298
8424 17794 #SUP: 144
8424 21137 #SUP: 401
8424 21137 24852 #SUP: 148
8424 21616 #SUP: 150
8424 21903 #SUP: 518
8424 21903 24852 #SUP: 182
8424 21903 47766 #SUP: 133
8424 21938 #SUP: 159
8424 22935 #SUP: 194
8424 24184 #SUP: 236
8424 24852 #SUP: 925
8424 24852 47626 #SUP: 190
8424 24852 47766 #SUP: 199
8424 24964 #SUP: 232
8424 25890 #SUP: 189
8424 26209 #SUP: 305
8424 27104 #SUP: 189
8424 27845 #SUP: 219
8424 27966 #SUP: 154
8424 28204 #SUP: 186
8424 28985 #SUP: 182
8424 30391 #SUP: 226
8424 30489 #SUP: 136
8424 31717 #SUP: 168
8424 39275 #SUP: 173
8424 40706 #SUP: 194
8424 42265 #SUP: 159
8424 43961 #SUP: 165
8424 44359 #SUP: 139
8424 45007 #SUP: 341
8424 45066 #SUP: 232
8424 46979 #SUP: 312
8424 47209 #SUP: 222
8424 47626 #SUP: 526
8424 47626 47766 #SUP: 138
8424 47766 #SUP: 475
8424 48679 #SUP: 183
8467 #SUP: 246
8475 #SUP: 170
8479 #SUP: 311
8490 #SUP: 262
8518 #SUP: 3818
8518 10749 #SUP: 303
8518 13176 #SUP: 805
8518 13176 21137 #SUP: 207
8518 13176 21903 #SUP: 206
8518 13176 24964 #SUP: 142
8518 13176 30391 #SUP: 162
8518 13176 31717 #SUP: 138
8518 13176 47209 #SUP: 199
8518 15290 #SUP: 172
8518 16759 #SUP: 170
8518 16797 #SUP: 213
8518 17794 #SUP: 236
8518 19057 #SUP: 163
8518 20114 #SUP: 253
8518 21137 #SUP: 597
8518 21137 21903 #SUP: 136
8518 21616 #SUP: 277
8518 21903 #SUP: 741
8518 21903 24852 #SUP: 149
8518 21903 26209 #SUP: 160
8518 21903 30391 #SUP: 141
8518 21903 47626 #SUP: 158
8518 21903 47766 #SUP: 147
8518 21938 #SUP: 286
8518 22935 #SUP: 446
8518 24184 #SUP: 279
8518 24852 #SUP: 659
8518 24852 26209 #SUP: 137
8518 24852 47626 #SUP: 162
8518 24852 47766 #SUP: 143
8518 24964 #SUP: 563
8518 25890 #SUP: 171
8518 26209 #SUP: 660
8518 26209 31717 #SUP: 209
8518 26209 47626 #SUP: 194
8518 26209 47766 #SUP: 160
8518 26369 #SUP: 159
8518 27104 #SUP: 245
8518 27156 #SUP: 170
8518 27521 #SUP: 177
8518 27845 #SUP: 255
8518 27966 #SUP: 318
8518 28204 #SUP: 134
8518 28842 #SUP: 153
8518 28849 #SUP: 148
8518 28985 #SUP: 247
8518 30391 #SUP: 485
8518 30489 #SUP: 169
8518 31717 #SUP: 571
8518 34126 #SUP: 270
8518 34358 #SUP: 217
8518 34969 #SUP: 216
8518 35939 #SUP: 163
8518 37067 #SUP: 154
8518 37646 #SUP: 176
8518 39275 #SUP: 224
8518 39877 #SUP: 166
8518 39928 #SUP: 141
8518 40604 #SUP: 248
8518 40706 #SUP: 404
8518 41950 #SUP: 287
8518 42265 #SUP: 210
8518 42768 #SUP: 143
8518 43768 #SUP: 137
8518 43789 #SUP: 146
8518 44359 #SUP: 253
8518 44632 #SUP: 156
8518 45007 #SUP: 457
8518 45066 #SUP: 182
8518 46667 #SUP: 236
8518 46979 #SUP: 357
8518 47209 #SUP: 540
8518 47626 #SUP: 665
8518 47626 47766 #SUP: 162
8518 47766 #SUP: 531
8518 48679 #SUP: 275
8518 49683 #SUP: 161
8536 #SUP: 187
8555 #SUP: 233
8571 #SUP: 632
8571 12341 #SUP: 137
8571 13176 #SUP: 150
8571 16797 #SUP: 138
8571 43352 #SUP: 138
8580 #SUP: 157
8590 #SUP: 189
8638 #SUP: 154
8670 #SUP: 628
8670 24852 #SUP: 149
8671 #SUP: 184
8710 #SUP: 238
8736 #SUP: 236
8744 #SUP: 172
8803 #SUP: 188
8859 #SUP: 950
8953 #SUP: 151
8955 #SUP: 324
9000 #SUP: 178
9018 #SUP: 209
9020 #SUP: 426
9047 #SUP: 149
9076 #SUP: 2323
9076 13176 #SUP: 253
9076 16797 #SUP: 398
9076 16797 24852 #SUP: 147
9076 21137 #SUP: 231
9076 21903 #SUP: 207
9076 24852 #SUP: 716
9076 26209 #SUP: 153
9076 26604 #SUP: 182
9076 27966 #SUP: 151
9076 28204 #SUP: 135
9076 43352 #SUP: 272
9076 47626 #SUP: 228
9076 47766 #SUP: 173
9092 #SUP: 423
9124 #SUP: 367
9175 #SUP: 132
9203 #SUP: 191
9210 #SUP: 180
9290 #SUP: 142
9327 #SUP: 270
9337 #SUP: 269
9339 #SUP: 484
9339 13176 #SUP: 150
9366 #SUP: 287
9387 #SUP: 1379
9387 16797 #SUP: 146
9387 24852 #SUP: 434
9387 47626 #SUP: 191
9390 #SUP: 232
9411 #SUP: 157
9421 #SUP: 253
9434 #SUP: 173
9477 #SUP: 186
9515 #SUP: 335
9534 #SUP: 179
9550 #SUP: 218
9554 #SUP: 192
9558 #SUP: 144
9595 #SUP: 179
9597 #SUP: 142
9598 #SUP: 172
9623 #SUP: 265
9689 #SUP: 138
9741 #SUP: 305
9755 #SUP: 330
9808 #SUP: 292
9825 #SUP: 421
9839 #SUP: 1653
9839 13176 #SUP: 525
9839 13176 21137 #SUP: 169
9839 13176 21903 #SUP: 132
9839 13176 47209 #SUP: 157
9839 19057 #SUP: 137
9839 21137 #SUP: 381
9839 21903 #SUP: 345
9839 22935 #SUP: 179
9839 24852 #SUP: 227
9839 24964 #SUP: 162
9839 26209 #SUP: 144
9839 27104 #SUP: 162
9839 27845 #SUP: 172
9839 27966 #SUP: 214
9839 30391 #SUP: 221
9839 31717 #SUP: 136
9839 39275 #SUP: 142
9839 40706 #SUP: 133
9839 42265 #SUP: 152
9839 45007 #SUP: 160
9839 47209 #SUP: 311
9839 47626 #SUP: 168
9839 47766 #SUP: 194
9934 #SUP: 147
9955 #SUP: 148
10017 #SUP: 543
10032 #SUP: 298
10070 #SUP: 409
10106 #SUP: 183
10108 #SUP: 141
10121 #SUP: 138
10132 #SUP: 696
10132 13176 #SUP: 174
10132 21137 #SUP: 156
10132 24852 #SUP: 142
10151 #SUP: 232
10193 #SUP: 158
10199 #SUP: 181
10246 #SUP: 1062
10246 13176 #SUP: 234
10246 21137 #SUP: 170
10246 21903 #SUP: 225
10246 22935 #SUP: 133
10246 24852 #SUP: 174
10246 30391 #SUP: 147
10246 47626 #SUP: 137
10246 47766 #SUP: 142
10255 #SUP: 173
10305 #SUP: 379
10312 #SUP: 173
10326 #SUP: 421
10326 13176 #SUP: 142
10369 #SUP: 260
10385 #SUP: 518
10385 13176 #SUP: 136
10473 #SUP: 223
10492 #SUP: 185
10504 #SUP: 296
10603 #SUP: 255
10613 #SUP: 224
10621 #SUP: 298
10644 #SUP: 579
10673 #SUP: 669
10673 24852 #SUP: 167
10690 #SUP: 163
10749 #SUP: 2393
10749 13176 #SUP: 629
10749 13176 21137 #SUP: 205
10749 13176 21903 #SUP: 147
10749 13176 30391 #SUP: 133
10749 13176 47209 #SUP: 196
10749 15290 #SUP: 137
10749 17794 #SUP: 150
10749 19057 #SUP: 170
10749 21137 #SUP: 558
10749 21137 47209 #SUP: 139
10749 21903 #SUP: 431
10749 21938 #SUP: 258
10749 22935 #SUP: 376
10749 24852 #SUP: 458
10749 24964 #SUP: 291
10749 26209 #SUP: 272
10749 27104 #SUP: 155
10749 27845 #SUP: 184
10749 27966 #SUP: 293
10749 28985 #SUP: 137
10749 30391 #SUP: 368
10749 31717 #SUP: 276
10749 37646 #SUP: 184
10749 39275 #SUP: 213
10749 40706 #SUP: 244
10749 41950 #SUP: 135
10749 42265 #SUP: 151
10749 43768 #SUP: 280
10749 44359 #SUP: 185
10749 45007 #SUP: 308
10749 46979 #SUP: 196
10749 47209 #SUP: 429
10749 47626 #SUP: 302
10749 47766 #SUP: 305
10749 48679 #SUP: 139
10753 #SUP: 199
10761 #SUP: 211
10768 #SUP: 185
10814 #SUP: 256
10831 #SUP: 248
10895 #SUP: 229
10912 #SUP: 294
10957 #SUP: 645
10960 #SUP: 154
10998 #SUP: 145
11005 #SUP: 365
11009 #SUP: 132
11046 #SUP: 140
11068 #SUP: 462
11109 #SUP: 144
11123 #SUP: 257
11136 #SUP: 224
11140 #SUP: 385
11182 #SUP: 1147
11182 13176 #SUP: 214
11182 21137 #SUP: 157
11182 24852 #SUP: 245
11182 47209 #SUP: 133
11250 #SUP: 156
11266 #SUP: 148
11281 #SUP: 172
11286 #SUP: 182
11352 #SUP: 245
11361 #SUP: 139
11365 #SUP: 228
11408 #SUP: 485
11422 #SUP: 486
11440 #SUP: 337
11461 #SUP: 337
11481 #SUP: 175
11494 #SUP: 195
11512 #SUP: 376
11520 #SUP: 1898
11520 13176 #SUP: 438
11520 21137 #SUP: 342
11520 21903 #SUP: 293
11520 22935 #SUP: 176
11520 24852 #SUP: 284
11520 24964 #SUP: 170
11520 26209 #SUP: 188
11520 27845 #SUP: 162
11520 27966 #SUP: 183
11520 30391 #SUP: 134
11520 45007 #SUP: 144
11520 47209 #SUP: 254
11520 47626 #SUP: 229
11520 47766 #SUP: 225
11576 #SUP: 325
11629 #SUP: 135
11688 #SUP: 169
11710 #SUP: 192
11712 #SUP: 458
11759 #SUP: 416
11777 #SUP: 1493
11777 13176 #SUP: 262
11777 16797 #SUP: 252
11777 21137 #SUP: 270
11777 21903 #SUP: 210
11777 24852 #SUP: 439
11777 26604 #SUP: 233
11777 47209 #SUP: 135
11777 47626 #SUP: 155
11782 #SUP: 233
11827 #SUP: 199
11941 #SUP: 205
12013 #SUP: 139
12069 #SUP: 141
12075 #SUP: 158
12078 #SUP: 251
12087 #SUP: 193
12099 #SUP: 306
12140 #SUP: 136
12144 #SUP: 200
12206 #SUP: 699
12206 24852 #SUP: 153
12212 #SUP: 151
12218 #SUP: 148
12232 #SUP: 133
12276 #SUP: 418
12312 #SUP: 258
12320 #SUP: 173
12341 #SUP: 2276
12341 13176 #SUP: 554
12341 16797 #SUP: 278
12341 21137 #SUP: 323
12341 21903 #SUP: 324
12341 24852 #SUP: 235
12341 39275 #SUP: 236
12341 43352 #SUP: 232
12384 #SUP: 269
12395 #SUP: 171
12409 #SUP: 382
12419 #SUP: 180
12427 #SUP: 221
12456 #SUP: 521
12456 13176 #SUP: 139
12481 #SUP: 232
12508 #SUP: 157
12545 #SUP: 225
12564 #SUP: 200
12572 #SUP: 227
12576 #SUP: 465
12576 39947 #SUP: 133
12606 #SUP: 354
12614 #SUP: 368
12703 #SUP: 152
12732 #SUP: 210
12745 #SUP: 249
12756 #SUP: 153
12779 #SUP: 209
12797 #SUP: 214
12817 #SUP: 228
12845 #SUP: 444
12872 #SUP: 420
12899 #SUP: 160
12914 #SUP: 153
12916 #SUP: 634
12919 #SUP: 143
12962 #SUP: 141
12980 #SUP: 345
13031 #SUP: 150
13032 #SUP: 153
13042 #SUP: 163
13083 #SUP: 321
13166 #SUP: 382
13176 #SUP: 15480
13176 13629 #SUP: 205
13176 13646 #SUP: 139
13176 13870 #SUP: 209
13176 13984 #SUP: 164
13176 14084 #SUP: 157
13176 14678 #SUP: 233
13176 14947 #SUP: 163
13176 14992 #SUP: 134
13176 15290 #SUP: 256
13176 15872 #SUP: 160
13176 16185 #SUP: 208
13176 16349 #SUP: 132
13176 16759 #SUP: 465
13176 16759 21137 #SUP: 141
13176 16759 47209 #SUP: 141
13176 16797 #SUP: 777
13176 17461 #SUP: 148
13176 17600 #SUP: 187
13176 17794 #SUP: 444
13176 17948 #SUP: 340
13176 18027 #SUP: 170
13176 18362 #SUP: 229
13176 18370 #SUP: 173
13176 18441 #SUP: 162
13176 18465 #SUP: 445
13176 18465 21137 #SUP: 143
13176 18531 #SUP: 145
13176 19048 #SUP: 170
13176 19057 #SUP: 973
13176 19057 21137 #SUP: 282
13176 19057 21903 #SUP: 196
13176 19057 27966 #SUP: 200
13176 19057 47209 #SUP: 240
13176 19660 #SUP: 427
13176 19677 #SUP: 133
13176 19678 #SUP: 283
13176 20114 #SUP: 235
13176 20842 #SUP: 150
13176 20995 #SUP: 311
13176 21137 #SUP: 3074
13176 21137 21903 #SUP: 587
13176 21137 21903 47209 #SUP: 163
13176 21137 22035 #SUP: 202
13176 21137 22825 #SUP: 196
13176 21137 22935 #SUP: 258
13176 21137 24964 #SUP: 231
13176 21137 26209 #SUP: 256
13176 21137 26604 #SUP: 165
13176 21137 27104 #SUP: 181
13176 21137 27845 #SUP: 339
13176 21137 27966 #SUP: 649
13176 21137 27966 47209 #SUP: 228
13176 21137 28985 #SUP: 141
13176 21137 30391 #SUP: 424
13176 21137 30391 47209 #SUP: 140
13176 21137 30489 #SUP: 163
13176 21137 31717 #SUP: 182
13176 21137 37646 #SUP: 220
13176 21137 39275 #SUP: 374
13176 21137 39877 #SUP: 183
13176 21137 39928 #SUP: 233
13176 21137 40706 #SUP: 257
13176 21137 41950 #SUP: 194
13176 21137 42265 #SUP: 251
13176 21137 43352 #SUP: 142
13176 21137 43961 #SUP: 159
13176 21137 44359 #SUP: 178
13176 21137 45007 #SUP: 294
13176 21137 45066 #SUP: 173
13176 21137 46979 #SUP: 200
13176 21137 47209 #SUP: 710
13176 21137 47626 #SUP: 257
13176 21137 47766 #SUP: 276
13176 21137 48679 #SUP: 170
13176 21267 #SUP: 140
13176 21288 #SUP: 138
13176 21376 #SUP: 133
13176 21405 #SUP: 215
13176 21616 #SUP: 575
13176 21616 21903 #SUP: 140
13176 21616 47209 #SUP: 139
13176 21709 #SUP: 192
13176 21903 #SUP: 2236
13176 21903 22935 #SUP: 233
13176 21903 24964 #SUP: 212
13176 21903 26209 #SUP: 224
13176 21903 27845 #SUP: 192
13176 21903 27966 #SUP: 311
13176 21903 28985 #SUP: 146
13176 21903 30391 #SUP: 321
13176 21903 31717 #SUP: 183
13176 21903 35951 #SUP: 154
13176 21903 37646 #SUP: 166
13176 21903 39275 #SUP: 226
13176 21903 39877 #SUP: 139
13176 21903 40706 #SUP: 226
13176 21903 41950 #SUP: 156
13176 21903 42265 #SUP: 192
13176 21903 44359 #SUP: 146
13176 21903 45007 #SUP: 256
13176 21903 46667 #SUP: 140
13176 21903 46979 #SUP: 163
13176 21903 47209 #SUP: 497
13176 21903 47626 #SUP: 236
13176 21903 47766 #SUP: 269
13176 21903 48679 #SUP: 166
13176 21938 #SUP: 387
13176 22035 #SUP: 587
13176 22035 47209 #SUP: 152
13176 22825 #SUP: 604
13176 22825 47209 #SUP: 182
13176 22935 #SUP: 1000
13176 22935 24964 #SUP: 268
13176 22935 26209 #SUP: 135
13176 22935 27966 #SUP: 169
13176 22935 30391 #SUP: 157
13176 22935 45007 #SUP: 156
13176 22935 47209 #SUP: 309
13176 22963 #SUP: 314
13176 23029 #SUP: 146
13176 23165 #SUP: 167
13176 23375 #SUP: 166
13176 24184 #SUP: 359
13176 24489 #SUP: 386
13176 24561 #SUP: 146
13176 24830 #SUP: 246
13176 24838 #SUP: 452
13176 24964 #SUP: 912
13176 24964 27966 #SUP: 153
13176 24964 30391 #SUP: 143
13176 24964 31717 #SUP: 139
13176 24964 47209 #SUP: 250
13176 24964 47626 #SUP: 136
13176 25138 #SUP: 132
13176 25146 #SUP: 147
13176 25659 #SUP: 210
13176 25890 #SUP: 220
13176 25931 #SUP: 167
13176 26165 #SUP: 150
13176 26209 #SUP: 932
13176 26209 27966 #SUP: 145
13176 26209 30391 #SUP: 135
13176 26209 31717 #SUP: 192
13176 26209 47209 #SUP: 229
13176 26209 47626 #SUP: 230
13176 26209 47766 #SUP: 135
13176 26369 #SUP: 272
13176 26604 #SUP: 492
13176 26790 #SUP: 174
13176 26800 #SUP: 133
13176 26940 #SUP: 263
13176 27086 #SUP: 390
13176 27104 #SUP: 586
13176 27104 47209 #SUP: 154
13176 27156 #SUP: 412
13176 27336 #SUP: 132
13176 27344 #SUP: 362
13176 27521 #SUP: 454
13176 27845 #SUP: 1118
13176 27845 27966 #SUP: 162
13176 27845 47209 #SUP: 193
13176 27966 #SUP: 1780
13176 27966 30391 #SUP: 255
13176 27966 39275 #SUP: 228
13176 27966 39877 #SUP: 135
13176 27966 39928 #SUP: 150
13176 27966 40706 #SUP: 142
13176 27966 45007 #SUP: 156
13176 27966 46979 #SUP: 134
13176 27966 47209 #SUP: 531
13176 28199 #SUP: 255
13176 28204 #SUP: 462
13176 28289 #SUP: 157
13176 28842 #SUP: 136
13176 28849 #SUP: 157
13176 28985 #SUP: 535
13176 29447 #SUP: 180
13176 29487 #SUP: 152
13176 29987 #SUP: 155
13176 30233 #SUP: 280
13176 30391 #SUP: 1268
13176 30391 40706 #SUP: 168
13176 30391 44359 #SUP: 148
13176 30391 45007 #SUP: 162
13176 30391 47209 #SUP: 366
13176 30391 47626 #SUP: 140
13176 30450 #SUP: 163
13176 30489 #SUP: 561
13176 30720 #SUP: 145
13176 30776 #SUP: 196
13176 31040 #SUP: 150
13176 31343 #SUP: 190
13176 31506 #SUP: 299
13176 31553 #SUP: 159
13176 31717 #SUP: 714
13176 31717 47209 #SUP: 171
13176 31915 #SUP: 150
13176 32177 #SUP: 144
13176 32655 #SUP: 215
13176 32689 #SUP: 145
13176 32864 #SUP: 190
13176 33000 #SUP: 272
13176 33120 #SUP: 184
13176 33198 #SUP: 306
13176 33731 #SUP: 356
13176 33754 #SUP: 188
13176 34126 #SUP: 474
13176 34243 #SUP: 352
13176 34358 #SUP: 225
13176 34448 #SUP: 167
13176 34969 #SUP: 313
13176 35140 #SUP: 132
13176 35221 #SUP: 262
13176 35561 #SUP: 132
13176 35921 #SUP: 147
13176 35939 #SUP: 160
13176 35951 #SUP: 612
13176 35951 47209 #SUP: 164
13176 36011 #SUP: 168
13176 36695 #SUP: 265
13176 37646 #SUP: 810
13176 37646 47209 #SUP: 194
13176 37687 #SUP: 301
13176 38159 #SUP: 218
13176 38293 #SUP: 163
13176 38383 #SUP: 171
13176 38456 #SUP: 150
13176 38689 #SUP: 264
13176 38739 #SUP: 257
13176 38777 #SUP: 163
13176 39275 #SUP: 1137
13176 39275 47209 #SUP: 210
13176 39475 #SUP: 170
13176 39561 #SUP: 133
13176 39619 #SUP: 175
13176 39877 #SUP: 650
13176 39877 47209 #SUP: 158
13176 39928 #SUP: 654
13176 39928 47209 #SUP: 190
13176 39984 #SUP: 142
13176 40310 #SUP: 140
13176 40604 #SUP: 224
13176 40706 #SUP: 820
13176 40706 47209 #SUP: 208
13176 40723 #SUP: 240
13176 41149 #SUP: 168
13176 41220 #SUP: 250
13176 41665 #SUP: 185
13176 41787 #SUP: 179
13176 41844 #SUP: 186
13176 41950 #SUP: 635
13176 41950 47209 #SUP: 214
13176 42265 #SUP: 825
13176 42265 47209 #SUP: 185
13176 42342 #SUP: 176
13176 42585 #SUP: 230
13176 42701 #SUP: 213
13176 42736 #SUP: 164
13176 42768 #SUP: 258
13176 42828 #SUP: 267
13176 43086 #SUP: 170
13176 43122 #SUP: 330
13176 43295 #SUP: 227
13176 43352 #SUP: 556
13176 43713 #SUP: 218
13176 43768 #SUP: 246
13176 43789 #SUP: 193
13176 43961 #SUP: 576
13176 44359 #SUP: 632
13176 44359 47209 #SUP: 171
13176 44422 #SUP: 185
13176 44632 #SUP: 487
13176 44683 #SUP: 162
13176 44910 #SUP: 143
13176 45007 #SUP: 1041
13176 45007 47209 #SUP: 264
13176 45007 47766 #SUP: 133
13176 45066 #SUP: 593
13176 45603 #SUP: 140
13176 46654 #SUP: 171
13176 46667 #SUP: 487
13176 46667 47209 #SUP: 142
13176 46676 #SUP: 157
13176 46802 #SUP: 227
13176 46906 #SUP: 354
13176 46969 #SUP: 219
13176 46979 #SUP: 728
13176 46979 47209 #SUP: 154
13176 47144 #SUP: 216
13176 47209 #SUP: 2420
13176 47209 47626 #SUP: 201
13176 47209 48679 #SUP: 170
13176 47626 #SUP: 1057
13176 47626 47766 #SUP: 176
13176 47630 #SUP: 150
13176 47672 #SUP: 151
13176 47734 #SUP: 136
13176 47766 #SUP: 1070
13176 48364 #SUP: 179
13176 48679 #SUP: 632
13176 48745 #SUP: 158
13176 48775 #SUP: 134
13176 49075 #SUP: 132
13176 49235 #SUP: 490
13176 49383 #SUP: 150
13176 49683 #SUP: 225
13198 #SUP: 642
13198 24852 #SUP: 151
13212 #SUP: 189
13225 #SUP: 200
13245 #SUP: 141
13249 #SUP: 515
13259 #SUP: 194
13263 #SUP: 420
13263 28465 #SUP: 169
13292 #SUP: 281
13380 #SUP: 473
13409 #SUP: 253
13424 #SUP: 265
13431 #SUP: 343
13500 #SUP: 213
13517 #SUP: 498
13517 24852 #SUP: 157
13535 #SUP: 723
13536 #SUP: 209
13575 #SUP: 308
13629 #SUP: 772
13629 21137 #SUP: 197
13629 21903 #SUP: 155
13629 24852 #SUP: 140
13640 #SUP: 145
13646 #SUP: 622
13702 #SUP: 225
13712 #SUP: 273
13733 #SUP: 525
13733 24852 #SUP: 147
13740 #SUP: 475
13755 #SUP: 142
13780 #SUP: 234
13802 #SUP: 269
13819 #SUP: 292
13829 #SUP: 521
13838 #SUP: 277
13852 #SUP: 324
13866 #SUP: 188
13870 #SUP: 991
13870 21137 #SUP: 142
13870 24852 #SUP: 213
13877 #SUP: 147
13885 #SUP: 200
13914 #SUP: 150
13944 #SUP: 248
13966 #SUP: 359
13984 #SUP: 742
13984 21137 #SUP: 133
13984 26209 #SUP: 149
13988 #SUP: 247
14084 #SUP: 544
14129 #SUP: 328
14147 #SUP: 287
14159 #SUP: 173
14161 #SUP: 412
14168 #SUP: 384
14197 #SUP: 503
14211 #SUP: 157
14218 #SUP: 540
14218 24852 #SUP: 157
14233 #SUP: 554
14267 #SUP: 225
14332 #SUP: 234
14335 #SUP: 149
14462 #SUP: 409
14467 #SUP: 233
14491 #SUP: 149
14536 #SUP: 230
14553 #SUP: 147
14633 #SUP: 334
14651 #SUP: 271
14678 #SUP: 753
14678 21137 #SUP: 153
14678 21903 #SUP: 156
14715 #SUP: 414
14764 #SUP: 148
14778 #SUP: 299
14780 #SUP: 132
14814 #SUP: 183
14852 #SUP: 316
14858 #SUP: 288
14870 #SUP: 273
14874 #SUP: 183
14875 #SUP: 173
14881 #SUP: 162
14897 #SUP: 407
14897 24852 #SUP: 154
14901 #SUP: 308
14917 #SUP: 134
14947 #SUP: 1125
14947 24852 #SUP: 210
14947 35221 #SUP: 133
14947 44632 #SUP: 184
14947 47626 #SUP: 132
14966 #SUP: 185
14992 #SUP: 1160
14992 21137 #SUP: 147
14992 21903 #SUP: 158
14992 24852 #SUP: 331
14992 26209 #SUP: 139
14992 47626 #SUP: 236
14992 47766 #SUP: 189
14996 #SUP: 142
14999 #SUP: 347
15100 #SUP: 168
15200 #SUP: 372
15261 #SUP: 391
15269 #SUP: 143
15290 #SUP: 1864
15290 16797 #SUP: 224
15290 21137 #SUP: 227
15290 21903 #SUP: 271
15290 21938 #SUP: 253
15290 22935 #SUP: 142
15290 24184 #SUP: 336
15290 24852 #SUP: 487
15290 26209 #SUP: 211
15290 40706 #SUP: 135
15290 45007 #SUP: 204
15290 45066 #SUP: 138
15290 46979 #SUP: 164
15290 47209 #SUP: 171
15290 47626 #SUP: 294
15290 47766 #SUP: 278
15359 #SUP: 277
15386 #SUP: 209
15392 #SUP: 320
15399 #SUP: 255
15424 #SUP: 524
15541 #SUP: 212
15576 #SUP: 199
15592 #SUP: 173
15599 #SUP: 170
15613 #SUP: 495
15649 #SUP: 216
15700 #SUP: 135
15842 #SUP: 156
15860 #SUP: 132
15872 #SUP: 686
15902 #SUP: 552
15923 #SUP: 152
15937 #SUP: 778
15937 24852 #SUP: 139
15937 26209 #SUP: 132
15937 47626 #SUP: 221
15950 #SUP: 196
15984 #SUP: 181
15995 #SUP: 161
16020 #SUP: 155
16083 #SUP: 619
16083 24852 #SUP: 145
16083 47766 #SUP: 143
16145 #SUP: 280
16168 #SUP: 189
16185 #SUP: 1262
16185 21137 #SUP: 147
16185 21903 #SUP: 176
16185 24852 #SUP: 280
16185 26209 #SUP: 134
16185 47626 #SUP: 157
16185 47766 #SUP: 133
16249 #SUP: 245
16254 #SUP: 329
16262 #SUP: 298
16283 #SUP: 279
16290 #SUP: 258
16349 #SUP: 704
16349 24852 #SUP: 168
16521 #SUP: 389
16525 #SUP: 162
16570 #SUP: 161
16589 #SUP: 282
16616 #SUP: 381
16617 #SUP: 266
16696 #SUP: 493
16757 #SUP: 151
16759 #SUP: 1742
16759 19057 #SUP: 140
16759 21137 #SUP: 316
16759 21903 #SUP: 278
16759 22935 #SUP: 246
16759 24852 #SUP: 253
16759 24964 #SUP: 231
16759 26209 #SUP: 194
16759 27845 #SUP: 134
16759 27966 #SUP: 206
16759 30391 #SUP: 190
16759 31717 #SUP: 168
16759 34126 #SUP: 171
16759 44359 #SUP: 219
16759 45007 #SUP: 190
16759 46979 #SUP: 134
16759 47209 #SUP: 298
16759 47626 #SUP: 215
16759 47766 #SUP: 154
16797 #SUP: 6494
16797 17794 #SUP: 164
16797 21288 #SUP: 288
16797 21616 #SUP: 182
16797 21903 #SUP: 650
16797 21903 24852 #SUP: 217
16797 21938 #SUP: 196
16797 22935 #SUP: 192
16797 24184 #SUP: 259
16797 24852 #SUP: 1948
16797 24852 26209 #SUP: 172
16797 24852 26604 #SUP: 143
16797 24852 28204 #SUP: 145
16797 24852 39275 #SUP: 151
16797 24852 43352 #SUP: 141
16797 24852 45066 #SUP: 185
16797 24852 47626 #SUP: 281
16797 24852 47766 #SUP: 267
16797 24964 #SUP: 172
16797 25890 #SUP: 186
16797 26209 #SUP: 405
16797 26209 47626 #SUP: 151
16797 26604 #SUP: 408
16797 27104 #SUP: 161
16797 27845 #SUP: 296
16797 27966 #SUP: 268
16797 28199 #SUP: 165
16797 28204 #SUP: 295
16797 28842 #SUP: 172
16797 28985 #SUP: 155
16797 29487 #SUP: 185
16797 30391 #SUP: 285
16797 30489 #SUP: 171
16797 30827 #SUP: 142
16797 31717 #SUP: 135
16797 34969 #SUP: 205
16797 37646 #SUP: 160
16797 38739 #SUP: 160
16797 39275 #SUP: 563
16797 39408 #SUP: 134
16797 39928 #SUP: 136
16797 40706 #SUP: 278
16797 41787 #SUP: 165
16797 41950 #SUP: 136
16797 42265 #SUP: 330
16797 43352 #SUP: 658
16797 43961 #SUP: 175
16797 44632 #SUP: 159
16797 45007 #SUP: 294
16797 45066 #SUP: 380
16797 46906 #SUP: 163
16797 46979 #SUP: 278
16797 47209 #SUP: 246
16797 47626 #SUP: 671
16797 47766 #SUP: 575
16797 48679 #SUP: 149
16797 49235 #SUP: 140
16797 49683 #SUP: 224
16823 #SUP: 295
16848 #SUP: 145
16882 #SUP: 192
16920 #SUP: 143
16953 #SUP: 991
16953 24852 #SUP: 188
16965 #SUP: 635
16995 #SUP: 135
17008 #SUP: 433
17027 #SUP: 182
17044 #SUP: 171
17122 #SUP: 670
17183 #SUP: 178
17191 #SUP: 268
17207 #SUP: 179
17224 #SUP: 303
17284 #SUP: 219
17313 #SUP: 269
17316 #SUP: 468
17334 #SUP: 171
17341 #SUP: 315
17419 #SUP: 195
17429 #SUP: 298
17454 #SUP: 137
17461 #SUP: 646
17461 21137 #SUP: 140
17487 #SUP: 136
17530 #SUP: 134
17553 #SUP: 141
17568 #SUP: 157
17600 #SUP: 733
17600 21137 #SUP: 201
17600 24852 #SUP: 197
17615 #SUP: 213
17616 #SUP: 394
17630 #SUP: 188
17634 #SUP: 175
17652 #SUP: 330
17704 #SUP: 138
17706 #SUP: 417
17758 #SUP: 507
17758 40198 #SUP: 157
17789 #SUP: 188
17794 #SUP: 2497
17794 21137 #SUP: 334
17794 21903 #SUP: 438
17794 22935 #SUP: 327
17794 24184 #SUP: 163
17794 24852 #SUP: 527
17794 24964 #SUP: 322
17794 26209 #SUP: 310
17794 27104 #SUP: 171
17794 27845 #SUP: 192
17794 27966 #SUP: 164
17794 28985 #SUP: 198
17794 30391 #SUP: 211
17794 31717 #SUP: 223
17794 34126 #SUP: 189
17794 34358 #SUP: 170
17794 40706 #SUP: 184
17794 44359 #SUP: 277
17794 45007 #SUP: 309
17794 46667 #SUP: 168
17794 46979 #SUP: 182
17794 47209 #SUP: 273
17794 47626 #SUP: 376
17794 47766 #SUP: 257
17794 48679 #SUP: 168
17795 #SUP: 598
17795 24852 #SUP: 134
17807 #SUP: 259
17835 #SUP: 301
17858 #SUP: 139
17862 #SUP: 283
17872 #SUP: 628
17872 24852 #SUP: 179
17878 #SUP: 364
17902 #SUP: 278
17948 #SUP: 1065
17948 21137 #SUP: 176
17948 21903 #SUP: 246
17948 24489 #SUP: 252
17948 24852 #SUP: 200
17948 27966 #SUP: 212
17948 47209 #SUP: 189
17949 #SUP: 372
18019 #SUP: 316
18023 #SUP: 213
18027 #SUP: 698
18027 21903 #SUP: 140
18027 24852 #SUP: 136
18078 #SUP: 169
18176 #SUP: 158
18200 #SUP: 134
18232 #SUP: 175
18234 #SUP: 475
18272 #SUP: 134
18288 #SUP: 511
18337 #SUP: 215
18339 #SUP: 199
18352 #SUP: 237
18362 #SUP: 938
18362 21137 #SUP: 138
18362 24852 #SUP: 210
18362 47209 #SUP: 145
18370 #SUP: 592
18382 #SUP: 325
18389 #SUP: 173
18394 #SUP: 171
18418 #SUP: 215
18432 #SUP: 161
18434 #SUP: 246
18439 #SUP: 164
18441 #SUP: 610
18465 #SUP: 1767
18465 21137 #SUP: 375
18465 21903 #SUP: 279
18465 22935 #SUP: 135
18465 24852 #SUP: 347
18465 26209 #SUP: 154
18465 27845 #SUP: 159
18465 27966 #SUP: 208
18465 30391 #SUP: 150
18465 45007 #SUP: 142
18465 47209 #SUP: 308
18465 47626 #SUP: 224
18465 47766 #SUP: 201
18471 #SUP: 147
18479 #SUP: 412
18523 #SUP: 810
18523 24852 #SUP: 225
18523 33754 #SUP: 175
18531 #SUP: 866
18534 #SUP: 182
18564 #SUP: 234
18583 #SUP: 136
18594 #SUP: 363
18599 #SUP: 290
18610 #SUP: 177
18615 #SUP: 134
18618 #SUP: 180
18656 #SUP: 411
18670 #SUP: 177
18689 #SUP: 200
18721 #SUP: 173
18761 #SUP: 139
18811 #SUP: 462
18838 #SUP: 139
18880 #SUP: 305
18883 #SUP: 176
18891 #SUP: 137
18918 #SUP: 441
18926 #SUP: 349
18963 #SUP: 433
18987 #SUP: 343
19003 #SUP: 340
19006 #SUP: 343
19019 #SUP: 508
19048 #SUP: 715
19048 21903 #SUP: 152
19048 24852 #SUP: 137
19048 45007 #SUP: 136
19049 #SUP: 221
19051 #SUP: 208
19057 #SUP: 2891
19057 21137 #SUP: 650
19057 21137 21903 #SUP: 137
19057 21137 27966 #SUP: 174
19057 21137 47209 #SUP: 144
19057 21903 #SUP: 465
19057 22035 #SUP: 150
19057 22825 #SUP: 194
19057 22935 #SUP: 245
19057 24852 #SUP: 477
19057 24964 #SUP: 194
19057 26209 #SUP: 211
19057 27104 #SUP: 162
19057 27845 #SUP: 226
19057 27966 #SUP: 434
19057 30391 #SUP: 313
19057 31717 #SUP: 153
19057 37067 #SUP: 151
19057 39275 #SUP: 195
19057 39877 #SUP: 169
19057 39928 #SUP: 153
19057 40706 #SUP: 189
19057 41950 #SUP: 157
19057 42265 #SUP: 199
19057 43961 #SUP: 153
19057 44359 #SUP: 161
19057 45007 #SUP: 229
19057 46979 #SUP: 153
19057 47209 #SUP: 496
19057 47626 #SUP: 235
19057 47766 #SUP: 253
19068 #SUP: 321
19125 #SUP: 259
19145 #SUP: 135
19156 #SUP: 243
19173 #SUP: 444
19311 #SUP: 145
19348 #SUP: 1220
19348 24852 #SUP: 259
19354 #SUP: 133
19366 #SUP: 151
19370 #SUP: 199
19376 #SUP: 149
19389 #SUP: 268
19446 #SUP: 142
19468 #SUP: 253
19478 #SUP: 266
19488 #SUP: 376
19505 #SUP: 137
19508 #SUP: 609
19508 26209 #SUP: 132
19511 #SUP: 182
19604 #SUP: 230
19660 #SUP: 2225
19660 21137 #SUP: 187
19660 21903 #SUP: 233
19660 24852 #SUP: 215
19660 47209 #SUP: 171
19677 #SUP: 564
19678 #SUP: 1174
19678 21137 #SUP: 184
19678 21903 #SUP: 181
19678 22935 #SUP: 201
19678 24852 #SUP: 172
19678 24964 #SUP: 161
19678 47209 #SUP: 159
19691 #SUP: 599
19734 #SUP: 226
19816 #SUP: 295
19820 #SUP: 155
19821 #SUP: 154
19863 #SUP: 249
19894 #SUP: 213
19895 #SUP: 177
19906 #SUP: 146
20015 #SUP: 169
20082 #SUP: 523
20082 24852 #SUP: 136
20113 #SUP: 190
20114 #SUP: 1899
20114 21137 #SUP: 196
20114 21903 #SUP: 257
20114 21938 #SUP: 166
20114 22935 #SUP: 187
20114 24184 #SUP: 162
20114 24852 #SUP: 395
20114 24964 #SUP: 209
20114 26209 #SUP: 547
20114 26209 31717 #SUP: 139
20114 26209 47626 #SUP: 176
20114 28842 #SUP: 276
20114 30391 #SUP: 148
20114 31717 #SUP: 318
20114 45007 #SUP: 171
20114 47209 #SUP: 209
20114 47626 #SUP: 386
20114 47766 #SUP: 296
20119 #SUP: 714
20119 24852 #SUP: 137
20119 26620 #SUP: 132
20119 35221 #SUP: 133
20119 44632 #SUP: 203
20127 #SUP: 143
20169 #SUP: 155
20327 #SUP: 156
20345 #SUP: 473
20378 #SUP: 275
20383 #SUP: 150
20512 #SUP: 204
20520 #SUP: 263
20549 #SUP: 193
20561 #SUP: 211
20574 #SUP: 326
20580 #SUP: 272
20583 #SUP: 224
20608 #SUP: 148
20632 #SUP: 262
20670 #SUP: 197
20682 #SUP: 139
20734 #SUP: 420
20738 #SUP: 443
20754 #SUP: 337
20760 #SUP: 138
20794 #SUP: 134
20842 #SUP: 1046
20842 21903 #SUP: 152
20842 24852 #SUP: 289
20842 47626 #SUP: 133
20876 #SUP: 167
20899 #SUP: 214
20919 #SUP: 282
20940 #SUP: 368
20955 #SUP: 590
20995 #SUP: 1361
20995 21137 #SUP: 236
20995 21903 #SUP: 214
20995 24852 #SUP: 198
20995 27966 #SUP: 137
20995 47209 #SUP: 140
21009 #SUP: 254
21010 #SUP: 133
21019 #SUP: 791
21019 24852 #SUP: 177
21050 #SUP: 145
21070 #SUP: 135
21077 #SUP: 220
21083 #SUP: 147
21131 #SUP: 138
21137 #SUP: 10894
21137 21288 #SUP: 147
21137 21405 #SUP: 171
21137 21616 #SUP: 420
21137 21903 #SUP: 1639
21137 21903 22935 #SUP: 163
21137 21903 24852 #SUP: 376
21137 21903 24964 #SUP: 161
21137 21903 26209 #SUP: 191
21137 21903 27845 #SUP: 171
21137 21903 27966 #SUP: 262
21137 21903 30391 #SUP: 244
21137 21903 39275 #SUP: 217
21137 21903 40706 #SUP: 195
21137 21903 42265 #SUP: 157
21137 21903 45007 #SUP: 193
21137 21903 46979 #SUP: 155
21137 21903 47209 #SUP: 330
21137 21903 47626 #SUP: 221
21137 21903 47766 #SUP: 253
21137 21938 #SUP: 298
21137 22035 #SUP: 515
21137 22825 #SUP: 478
21137 22935 #SUP: 671
21137 22935 24964 #SUP: 160
21137 22935 27966 #SUP: 142
21137 22935 47209 #SUP: 174
21137 22963 #SUP: 263
21137 23375 #SUP: 139
21137 24184 #SUP: 322
21137 24489 #SUP: 189
21137 24830 #SUP: 196
21137 24838 #SUP: 291
21137 24852 #SUP: 2174
21137 24852 24964 #SUP: 132
21137 24852 26209 #SUP: 221
21137 24852 26604 #SUP: 157
21137 24852 27845 #SUP: 235
21137 24852 27966 #SUP: 315
21137 24852 28204 #SUP: 147
21137 24852 30391 #SUP: 171
21137 24852 39275 #SUP: 246
21137 24852 40706 #SUP: 180
21137 24852 42265 #SUP: 154
21137 24852 43961 #SUP: 134
21137 24852 45007 #SUP: 143
21137 24852 45066 #SUP: 199
21137 24852 46979 #SUP: 149
21137 24852 47209 #SUP: 213
21137 24852 47626 #SUP: 331
21137 24852 47766 #SUP: 379
21137 24964 #SUP: 640
21137 24964 47209 #SUP: 167
21137 25659 #SUP: 141
21137 25890 #SUP: 268
21137 26209 #SUP: 817
21137 26209 27966 #SUP: 156
21137 26209 30391 #SUP: 132
21137 26209 31717 #SUP: 154
21137 26209 47209 #SUP: 177
21137 26209 47626 #SUP: 234
21137 26209 47766 #SUP: 163
21137 26369 #SUP: 204
21137 26604 #SUP: 637
21137 26604 27966 #SUP: 165
21137 26790 #SUP: 184
21137 26940 #SUP: 185
21137 27086 #SUP: 312
21137 27104 #SUP: 497
21137 27156 #SUP: 276
21137 27344 #SUP: 335
21137 27521 #SUP: 277
21137 27845 #SUP: 954
21137 27845 27966 #SUP: 164
21137 27845 47209 #SUP: 163
21137 27845 47766 #SUP: 133
21137 27966 #SUP: 1670
21137 27966 30391 #SUP: 218
21137 27966 39275 #SUP: 288
21137 27966 39928 #SUP: 145
21137 27966 40706 #SUP: 149
21137 27966 45007 #SUP: 138
21137 27966 47209 #SUP: 381
21137 27966 47626 #SUP: 165
21137 27966 47766 #SUP: 160
21137 28199 #SUP: 215
21137 28204 #SUP: 384
21137 28289 #SUP: 136
21137 28842 #SUP: 133
21137 28849 #SUP: 143
21137 28985 #SUP: 373
21137 29487 #SUP: 140
21137 29987 #SUP: 143
21137 30233 #SUP: 201
21137 30391 #SUP: 1032
21137 30391 40706 #SUP: 133
21137 30391 47209 #SUP: 256
21137 30391 47626 #SUP: 161
21137 30391 47766 #SUP: 137
21137 30489 #SUP: 515
21137 31343 #SUP: 171
21137 31506 #SUP: 220
21137 31553 #SUP: 132
21137 31717 #SUP: 537
21137 32655 #SUP: 170
21137 32864 #SUP: 146
21137 33000 #SUP: 203
21137 33198 #SUP: 158
21137 33731 #SUP: 319
21137 33754 #SUP: 158
21137 34126 #SUP: 352
21137 34243 #SUP: 239
21137 34358 #SUP: 208
21137 34448 #SUP: 165
21137 34969 #SUP: 238
21137 35221 #SUP: 198
21137 35951 #SUP: 319
21137 36011 #SUP: 156
21137 36695 #SUP: 219
21137 37067 #SUP: 450
21137 37646 #SUP: 574
21137 37687 #SUP: 222
21137 38159 #SUP: 219
21137 38293 #SUP: 151
21137 38456 #SUP: 134
21137 38689 #SUP: 275
21137 38739 #SUP: 199
21137 38777 #SUP: 177
21137 39275 #SUP: 1269
21137 39275 43352 #SUP: 132
21137 39275 47209 #SUP: 164
21137 39275 47626 #SUP: 140
21137 39275 47766 #SUP: 135
21137 39475 #SUP: 165
21137 39561 #SUP: 134
21137 39877 #SUP: 503
21137 39928 #SUP: 517
21137 39928 47209 #SUP: 135
21137 40604 #SUP: 214
21137 40706 #SUP: 742
21137 40706 47209 #SUP: 156
21137 40706 47766 #SUP: 163
21137 40723 #SUP: 157
21137 41220 #SUP: 207
21137 41787 #SUP: 134
21137 41844 #SUP: 159
21137 41950 #SUP: 487
21137 42265 #SUP: 693
21137 42265 47209 #SUP: 155
21137 42342 #SUP: 148
21137 42585 #SUP: 144
21137 42701 #SUP: 163
21137 42736 #SUP: 166
21137 42768 #SUP: 148
21137 42828 #SUP: 215
21137 43122 #SUP: 270
21137 43295 #SUP: 138
21137 43352 #SUP: 563
21137 43713 #SUP: 153
21137 43768 #SUP: 224
21137 43789 #SUP: 167
21137 43961 #SUP: 453
21137 44359 #SUP: 462
21137 44422 #SUP: 136
21137 44632 #SUP: 362
21137 45007 #SUP: 751
21137 45007 47209 #SUP: 166
21137 45066 #SUP: 572
21137 46667 #SUP: 293
21137 46802 #SUP: 164
21137 46906 #SUP: 327
21137 46969 #SUP: 157
21137 46979 #SUP: 634
21137 47144 #SUP: 138
21137 47209 #SUP: 1539
21137 47209 47626 #SUP: 160
21137 47626 #SUP: 1017
21137 47626 47766 #SUP: 225
21137 47630 #SUP: 153
21137 47672 #SUP: 144
21137 47766 #SUP: 1088
21137 48679 #SUP: 452
21137 49235 #SUP: 362
21137 49683 #SUP: 216
21150 #SUP: 132
21162 #SUP: 180
21174 #SUP: 475
21195 #SUP: 620
21267 #SUP: 738
21267 24852 #SUP: 175
21288 #SUP: 1077
21288 24852 #SUP: 179
21288 39275 #SUP: 178
21288 43352 #SUP: 295
21292 #SUP: 536
21295 #SUP: 385
21333 #SUP: 516
21334 #SUP: 147
21376 #SUP: 753
21376 24852 #SUP: 194
21386 #SUP: 370
21405 #SUP: 1041
21405 21903 #SUP: 192
21405 24852 #SUP: 181
21405 26209 #SUP: 161
21405 30391 #SUP: 157
21405 47209 #SUP: 169
21405 47626 #SUP: 149
21410 #SUP: 142
21417 #SUP: 302
21461 #SUP: 140
21463 #SUP: 283
21497 #SUP: 262
21506 #SUP: 134
21513 #SUP: 173
21526 #SUP: 143
21543 #SUP: 357
21553 #SUP: 184
21560 #SUP: 153
21572 #SUP: 168
21573 #SUP: 540
21614 #SUP: 245
21616 #SUP: 2923
21616 21903 #SUP: 567
21616 21903 24852 #SUP: 137
21616 22935 #SUP: 232
21616 24184 #SUP: 140
21616 24852 #SUP: 594
21616 24852 47766 #SUP: 139
21616 24964 #SUP: 282
21616 26209 #SUP: 316
21616 27104 #SUP: 160
21616 27521 #SUP: 147
21616 27845 #SUP: 172
21616 27966 #SUP: 234
21616 28985 #SUP: 146
21616 30391 #SUP: 262
21616 30489 #SUP: 152
21616 31717 #SUP: 220
21616 34126 #SUP: 194
21616 39275 #SUP: 166
21616 40706 #SUP: 322
21616 41950 #SUP: 141
21616 42265 #SUP: 179
21616 44359 #SUP: 136
21616 44632 #SUP: 143
21616 45007 #SUP: 245
21616 45066 #SUP: 169
21616 46979 #SUP: 219
21616 47209 #SUP: 363
21616 47626 #SUP: 500
21616 47766 #SUP: 432
21616 48679 #SUP: 157
21709 #SUP: 1423
21709 24852 #SUP: 278
21709 35221 #SUP: 328
21709 35221 44632 #SUP: 148
21709 44632 #SUP: 329
21709 47626 #SUP: 142
21783 #SUP: 188
21841 #SUP: 190
21847 #SUP: 144
21872 #SUP: 450
21903 #SUP: 9784
21903 21938 #SUP: 388
21903 22035 #SUP: 292
21903 22825 #SUP: 320
21903 22935 #SUP: 748
21903 22935 24852 #SUP: 142
21903 22935 24964 #SUP: 199
21903 22935 45007 #SUP: 139
21903 22935 47209 #SUP: 168
21903 22963 #SUP: 158
21903 23165 #SUP: 138
21903 24184 #SUP: 474
21903 24184 24852 #SUP: 167
21903 24489 #SUP: 300
21903 24830 #SUP: 237
21903 24838 #SUP: 328
21903 24852 #SUP: 2000
21903 24852 24964 #SUP: 190
21903 24852 25890 #SUP: 133
21903 24852 26209 #SUP: 252
21903 24852 27845 #SUP: 198
21903 24852 27966 #SUP: 136
21903 24852 28204 #SUP: 145
21903 24852 28985 #SUP: 146
21903 24852 30391 #SUP: 191
21903 24852 31717 #SUP: 137
21903 24852 40706 #SUP: 225
21903 24852 42265 #SUP: 155
21903 24852 45007 #SUP: 221
21903 24852 45066 #SUP: 173
21903 24852 46979 #SUP: 176
21903 24852 47209 #SUP: 176
21903 24852 47626 #SUP: 371
21903 24852 47626 47766 #SUP: 134
21903 24852 47766 #SUP: 484
21903 24852 48679 #SUP: 153
21903 24852 49683 #SUP: 132
21903 24964 #SUP: 822
21903 24964 26209 #SUP: 156
21903 24964 45007 #SUP: 139
21903 24964 47209 #SUP: 153
21903 24964 47626 #SUP: 191
21903 24964 47766 #SUP: 157
21903 25659 #SUP: 224
21903 25890 #SUP: 376
21903 26209 #SUP: 939
21903 26209 30391 #SUP: 141
21903 26209 31717 #SUP: 209
21903 26209 45007 #SUP: 146
21903 26209 47209 #SUP: 193
21903 26209 47626 #SUP: 318
21903 26209 47766 #SUP: 222
21903 26369 #SUP: 238
21903 26604 #SUP: 363
21903 26940 #SUP: 136
21903 27086 #SUP: 231
21903 27104 #SUP: 489
21903 27156 #SUP: 287
21903 27344 #SUP: 243
21903 27521 #SUP: 374
21903 27845 #SUP: 675
21903 27966 #SUP: 764
21903 27966 30391 #SUP: 140
21903 27966 47209 #SUP: 186
21903 28199 #SUP: 136
21903 28204 #SUP: 371
21903 28289 #SUP: 206
21903 28842 #SUP: 218
21903 28849 #SUP: 288
21903 28985 #SUP: 532
21903 29487 #SUP: 176
21903 29987 #SUP: 174
21903 30233 #SUP: 145
21903 30391 #SUP: 933
21903 30391 40706 #SUP: 162
21903 30391 45007 #SUP: 144
21903 30391 47209 #SUP: 210
21903 30391 47626 #SUP: 175
21903 30391 47766 #SUP: 167
21903 30450 #SUP: 168
21903 30489 #SUP: 463
21903 31343 #SUP: 149
21903 31506 #SUP: 237
21903 31553 #SUP: 166
21903 31717 #SUP: 653
21903 31717 47766 #SUP: 144
21903 32655 #SUP: 132
21903 32864 #SUP: 148
21903 33000 #SUP: 163
21903 33120 #SUP: 199
21903 33198 #SUP: 144
21903 33401 #SUP: 147
21903 33731 #SUP: 298
21903 34126 #SUP: 446
21903 34243 #SUP: 246
21903 34358 #SUP: 226
21903 34969 #SUP: 324
21903 35221 #SUP: 195
21903 35547 #SUP: 161
21903 35939 #SUP: 161
21903 35951 #SUP: 452
21903 36695 #SUP: 142
21903 37067 #SUP: 349
21903 37646 #SUP: 461
21903 37687 #SUP: 218
21903 38293 #SUP: 194
21903 38383 #SUP: 164
21903 38689 #SUP: 184
21903 38739 #SUP: 174
21903 39275 #SUP: 686
21903 39475 #SUP: 132
21903 39619 #SUP: 144
21903 39877 #SUP: 414
21903 39928 #SUP: 301
21903 40545 #SUP: 164
21903 40604 #SUP: 304
21903 40706 #SUP: 848
21903 40706 47209 #SUP: 137
21903 40706 47626 #SUP: 175
21903 40706 47766 #SUP: 202
21903 41149 #SUP: 164
21903 41220 #SUP: 177
21903 41787 #SUP: 135
21903 41950 #SUP: 426
21903 42265 #SUP: 625
21903 42342 #SUP: 152
21903 42585 #SUP: 239
21903 42701 #SUP: 155
21903 42736 #SUP: 166
21903 42768 #SUP: 233
21903 42828 #SUP: 158
21903 43122 #SUP: 147
21903 43295 #SUP: 155
21903 43352 #SUP: 359
21903 43768 #SUP: 151
21903 43789 #SUP: 213
21903 43961 #SUP: 418
21903 44359 #SUP: 503
21903 44422 #SUP: 137
21903 44632 #SUP: 319
21903 44683 #SUP: 148
21903 45007 #SUP: 950
21903 45007 47209 #SUP: 166
21903 45007 47626 #SUP: 186
21903 45007 47766 #SUP: 154
21903 45066 #SUP: 496
21903 46667 #SUP: 470
21903 46676 #SUP: 143
21903 46802 #SUP: 249
21903 46906 #SUP: 220
21903 46979 #SUP: 699
21903 46979 47626 #SUP: 174
21903 46979 47766 #SUP: 145
21903 47144 #SUP: 195
21903 47209 #SUP: 1252
21903 47209 47626 #SUP: 168
21903 47626 #SUP: 1238
21903 47626 47766 #SUP: 334
21903 47766 #SUP: 1402
21903 48679 #SUP: 617
21903 48745 #SUP: 148
21903 49235 #SUP: 246
21903 49383 #SUP: 149
21903 49683 #SUP: 365
21927 #SUP: 217
21938 #SUP: 2521
21938 22935 #SUP: 324
21938 24184 #SUP: 483
21938 24184 24852 #SUP: 152
21938 24852 #SUP: 612
21938 24964 #SUP: 255
21938 25890 #SUP: 153
21938 26209 #SUP: 345
21938 27966 #SUP: 154
21938 28985 #SUP: 145
21938 30391 #SUP: 241
21938 31717 #SUP: 237
21938 40706 #SUP: 183
21938 41950 #SUP: 141
21938 45007 #SUP: 240
21938 46979 #SUP: 201
21938 47209 #SUP: 277
21938 47626 #SUP: 329
21938 47766 #SUP: 324
21955 #SUP: 209
22025 #SUP: 282
22031 #SUP: 182
22034 #SUP: 138
22035 #SUP: 1993
22035 22935 #SUP: 166
22035 24852 #SUP: 475
22035 26209 #SUP: 154
22035 27845 #SUP: 332
22035 27966 #SUP: 289
22035 30391 #SUP: 211
22035 30489 #SUP: 156
22035 37646 #SUP: 143
22035 40706 #SUP: 145
22035 42265 #SUP: 178
22035 43961 #SUP: 137
22035 44632 #SUP: 148
22035 45007 #SUP: 156
22035 47209 #SUP: 286
22035 47626 #SUP: 192
22035 47766 #SUP: 241
22089 #SUP: 234
22115 #SUP: 138
22124 #SUP: 441
22142 #SUP: 247
22151 #SUP: 204
22227 #SUP: 141
22247 #SUP: 191
22260 #SUP: 259
22275 #SUP: 153
22281 #SUP: 165
22298 #SUP: 150
22312 #SUP: 274
22362 #SUP: 150
22395 #SUP: 542
22451 #SUP: 160
22474 #SUP: 397
22504 #SUP: 267
22556 #SUP: 232
22559 #SUP: 230
22620 #SUP: 139
22788 #SUP: 184
22802 #SUP: 344
22825 #SUP: 1893
22825 22935 #SUP: 157
22825 24852 #SUP: 408
22825 24964 #SUP: 155
22825 26209 #SUP: 173
22825 27845 #SUP: 178
22825 27966 #SUP: 304
22825 30391 #SUP: 243
22825 37646 #SUP: 221
22825 39275 #SUP: 156
22825 39928 #SUP: 169
22825 40706 #SUP: 143
22825 42265 #SUP: 155
22825 45007 #SUP: 192
22825 45066 #SUP: 145
22825 47209 #SUP: 352
22825 47626 #SUP: 202
22825 47766 #SUP: 205
22828 #SUP: 221
22849 #SUP: 381
22882 #SUP: 212
22888 #SUP: 292
22890 #SUP: 206
22922 #SUP: 159
22935 #SUP: 4290
22935 24184 #SUP: 291
22935 24838 #SUP: 145
22935 24852 #SUP: 679
22935 24852 47626 #SUP: 139
22935 24852 47766 #SUP: 147
22935 24964 #SUP: 850
22935 24964 26209 #SUP: 140
22935 24964 31717 #SUP: 137
22935 24964 34126 #SUP: 132
22935 24964 47209 #SUP: 184
22935 24964 47626 #SUP: 145
22935 26209 #SUP: 538
22935 26209 31717 #SUP: 151
22935 26209 47626 #SUP: 141
22935 26369 #SUP: 149
22935 27104 #SUP: 283
22935 27156 #SUP: 192
22935 27521 #SUP: 197
22935 27845 #SUP: 308
22935 27966 #SUP: 385
22935 27966 47209 #SUP: 132
22935 28204 #SUP: 142
22935 28985 #SUP: 231
22935 30391 #SUP: 418
22935 30489 #SUP: 180
22935 31717 #SUP: 449
22935 33731 #SUP: 154
22935 34126 #SUP: 373
22935 34243 #SUP: 142
22935 34358 #SUP: 161
22935 34969 #SUP: 152
22935 35939 #SUP: 152
22935 35951 #SUP: 132
22935 37067 #SUP: 146
22935 37646 #SUP: 210
22935 39275 #SUP: 221
22935 39877 #SUP: 192
22935 39928 #SUP: 151
22935 40706 #SUP: 305
22935 41950 #SUP: 281
22935 42265 #SUP: 196
22935 43789 #SUP: 140
22935 43961 #SUP: 168
22935 44359 #SUP: 401
22935 44632 #SUP: 175
22935 45007 #SUP: 497
22935 45066 #SUP: 190
22935 46667 #SUP: 275
22935 46979 #SUP: 269
22935 47209 #SUP: 731
22935 47626 #SUP: 539
22935 47766 #SUP: 453
22935 48679 #SUP: 312
22950 #SUP: 146
22952 #SUP: 219
22959 #SUP: 488
22963 #SUP: 1123
22963 24852 #SUP: 215
22963 27966 #SUP: 164
22963 47209 #SUP: 211
22993 #SUP: 168
23025 #SUP: 150
23029 #SUP: 495
23032 #SUP: 188
23044 #SUP: 243
23094 #SUP: 163
23102 #SUP: 157
23165 #SUP: 764
23165 45007 #SUP: 157
23178 #SUP: 176
23233 #SUP: 268
23236 #SUP: 364
23265 #SUP: 141
23288 #SUP: 793
23291 #SUP: 170
23296 #SUP: 220
23322 #SUP: 218
23339 #SUP: 176
23341 #SUP: 362
23375 #SUP: 754
23375 24852 #SUP: 135
23405 #SUP: 387
23423 #SUP: 149
23516 #SUP: 291
23537 #SUP: 499
23541 #SUP: 133
23543 #SUP: 346
23554 #SUP: 175
23579 #SUP: 275
23594 #SUP: 191
23622 #SUP: 346
23630 #SUP: 145
23634 #SUP: 176
23644 #SUP: 183
23645 #SUP: 308
23734 #SUP: 1022
23734 24852 #SUP: 206
23763 #SUP: 157
23765 #SUP: 248
23801 #SUP: 249
23803 #SUP: 145
23854 #SUP: 162
23879 #SUP: 161
23888 #SUP: 232
23909 #SUP: 1540
23909 24852 #SUP: 368
24009 #SUP: 359
24010 #SUP: 254
24024 #SUP: 461
24035 #SUP: 186
24082 #SUP: 238
24097 #SUP: 253
24135 #SUP: 176
24160 #SUP: 135
24184 #SUP: 2905
24184 24852 #SUP: 838
24184 24852 47626 #SUP: 143
24184 24852 47766 #SUP: 188
24184 24964 #SUP: 236
24184 25890 #SUP: 148
24184 26209 #SUP: 406
24184 27104 #SUP: 162
24184 27845 #SUP: 137
24184 27966 #SUP: 158
24184 28204 #SUP: 172
24184 28842 #SUP: 147
24184 28985 #SUP: 146
24184 30391 #SUP: 240
24184 31717 #SUP: 219
24184 34358 #SUP: 156
24184 34969 #SUP: 162
24184 40706 #SUP: 231
24184 41950 #SUP: 141
24184 44359 #SUP: 136
24184 45007 #SUP: 361
24184 45066 #SUP: 174
24184 46979 #SUP: 262
24184 47209 #SUP: 256
24184 47626 #SUP: 445
24184 47766 #SUP: 470
24184 49683 #SUP: 185
24186 #SUP: 194
24221 #SUP: 300
24231 #SUP: 195
24235 #SUP: 288
24253 #SUP: 176
24382 #SUP: 362
24390 #SUP: 195
24427 #SUP: 186
24489 #SUP: 1213
24489 24852 #SUP: 241
24489 27966 #SUP: 219
24489 39275 #SUP: 165
24489 47209 #SUP: 180
24489 47626 #SUP: 132
24489 47766 #SUP: 141
24518 #SUP: 164
24535 #SUP: 253
24561 #SUP: 538
24622 #SUP: 277
24631 #SUP: 177
24654 #SUP: 152
24759 #SUP: 310
24799 #SUP: 757
24799 24852 #SUP: 192
24799 28465 #SUP: 191
24799 36865 #SUP: 139
24810 #SUP: 363
24830 #SUP: 1152
24830 24852 #SUP: 222
24830 30391 #SUP: 146
24830 47626 #SUP: 142
24830 47766 #SUP: 193
24838 #SUP: 2169
24838 24852 #SUP: 433
24838 26209 #SUP: 173
24838 27966 #SUP: 226
24838 30391 #SUP: 148
24838 31717 #SUP: 136
24838 39275 #SUP: 145
24838 45007 #SUP: 150
24838 47209 #SUP: 266
24838 47626 #SUP: 222
24838 47766 #SUP: 222
24841 #SUP: 377
24850 #SUP: 233
24852 #SUP: 18726
24852 24964 #SUP: 714
24852 24964 26209 #SUP: 154
24852 24964 47626 #SUP: 208
24852 24964 47766 #SUP: 197
24852 25146 #SUP: 236
24852 25659 #SUP: 184
24852 25890 #SUP: 586
24852 25931 #SUP: 141
24852 26165 #SUP: 133
24852 26209 #SUP: 1331
24852 26209 28842 #SUP: 151
24852 26209 31717 #SUP: 208
24852 26209 47209 #SUP: 133
24852 26209 47626 #SUP: 452
24852 26209 47626 47766 #SUP: 146
24852 26209 47766 #SUP: 352
24852 26369 #SUP: 198
24852 26497 #SUP: 176
24852 26604 #SUP: 690
24852 26620 #SUP: 181
24852 26790 #SUP: 148
24852 27086 #SUP: 516
24852 27104 #SUP: 512
24852 27156 #SUP: 266
24852 27344 #SUP: 368
24852 27521 #SUP: 309
24852 27845 #SUP: 1044
24852 27845 47626 #SUP: 169
24852 27845 47766 #SUP: 186
24852 27966 #SUP: 899
24852 27966 47626 #SUP: 134
24852 27966 47766 #SUP: 149
24852 28156 #SUP: 189
24852 28199 #SUP: 466
24852 28204 #SUP: 1210
24852 28204 47626 #SUP: 158
24852 28204 47766 #SUP: 171
24852 28289 #SUP: 186
24852 28465 #SUP: 192
24852 28842 #SUP: 471
24852 28842 47626 #SUP: 134
24852 28849 #SUP: 342
24852 28934 #SUP: 171
24852 28985 #SUP: 638
24852 28985 47626 #SUP: 165
24852 28985 47766 #SUP: 151
24852 28993 #SUP: 176
24852 29487 #SUP: 572
24852 29987 #SUP: 229
24852 30169 #SUP: 152
24852 30233 #SUP: 202
24852 30391 #SUP: 831
24852 30391 47626 #SUP: 193
24852 30391 47766 #SUP: 171
24852 30450 #SUP: 166
24852 30489 #SUP: 651
24852 30696 #SUP: 134
24852 31040 #SUP: 145
24852 31343 #SUP: 225
24852 31506 #SUP: 344
24852 31553 #SUP: 271
24852 31683 #SUP: 227
24852 31717 #SUP: 592
24852 31717 47626 #SUP: 133
24852 31717 47766 #SUP: 148
24852 32433 #SUP: 142
24852 32655 #SUP: 192
24852 32689 #SUP: 144
24852 32734 #SUP: 173
24852 32864 #SUP: 164
24852 33000 #SUP: 204
24852 33120 #SUP: 154
24852 33129 #SUP: 186
24852 33198 #SUP: 295
24852 33731 #SUP: 339
24852 33754 #SUP: 292
24852 33787 #SUP: 188
24852 34050 #SUP: 169
24852 34126 #SUP: 369
24852 34243 #SUP: 212
24852 34262 #SUP: 133
24852 34358 #SUP: 422
24852 34448 #SUP: 166
24852 34969 #SUP: 594
24852 35042 #SUP: 171
24852 35108 #SUP: 210
24852 35221 #SUP: 392
24852 35547 #SUP: 137
24852 35921 #SUP: 171
24852 35951 #SUP: 321
24852 36011 #SUP: 187
24852 36070 #SUP: 187
24852 36695 #SUP: 147
24852 36865 #SUP: 161
24852 37646 #SUP: 666
24852 37646 47766 #SUP: 133
24852 37687 #SUP: 222
24852 37766 #SUP: 203
24852 38159 #SUP: 134
24852 38273 #SUP: 137
24852 38293 #SUP: 212
24852 38383 #SUP: 132
24852 38400 #SUP: 216
24852 38456 #SUP: 199
24852 38557 #SUP: 139
24852 38689 #SUP: 356
24852 38739 #SUP: 377
24852 39275 #SUP: 925
24852 39275 47626 #SUP: 149
24852 39275 47766 #SUP: 154
24852 39408 #SUP: 368
24852 39475 #SUP: 211
24852 39619 #SUP: 179
24852 39877 #SUP: 460
24852 39928 #SUP: 387
24852 39993 #SUP: 218
24852 40174 #SUP: 185
24852 40310 #SUP: 199
24852 40332 #SUP: 193
24852 40545 #SUP: 205
24852 40571 #SUP: 197
24852 40604 #SUP: 359
24852 40706 #SUP: 869
24852 40706 47626 #SUP: 195
24852 40706 47766 #SUP: 212
24852 41149 #SUP: 139
24852 41220 #SUP: 211
24852 41290 #SUP: 157
24852 41787 #SUP: 466
24852 41844 #SUP: 331
24852 41950 #SUP: 411
24852 42244 #SUP: 146
24852 42265 #SUP: 739
24852 42265 47626 #SUP: 134
24852 42265 47766 #SUP: 145
24852 42342 #SUP: 221
24852 42356 #SUP: 156
24852 42450 #SUP: 145
24852 42585 #SUP: 293
24852 42701 #SUP: 158
24852 42736 #SUP: 332
24852 42768 #SUP: 206
24852 42828 #SUP: 254
24852 43122 #SUP: 214
24852 43295 #SUP: 259
24852 43352 #SUP: 623
24852 43713 #SUP: 155
24852 43768 #SUP: 167
24852 43772 #SUP: 249
24852 43789 #SUP: 224
24852 43961 #SUP: 646
24852 43961 47766 #SUP: 141
24852 44142 #SUP: 360
24852 44359 #SUP: 427
24852 44422 #SUP: 175
24852 44570 #SUP: 157
24852 44632 #SUP: 665
24852 44683 #SUP: 215
24852 44910 #SUP: 159
24852 45007 #SUP: 939
24852 45007 47626 #SUP: 209
24852 45007 47766 #SUP: 186
24852 45066 #SUP: 1231
24852 45066 47626 #SUP: 224
24852 45066 47766 #SUP: 228
24852 46654 #SUP: 180
24852 46667 #SUP: 294
24852 46676 #SUP: 258
24852 46802 #SUP: 243
24852 46906 #SUP: 402
24852 46969 #SUP: 141
24852 46979 #SUP: 793
24852 46979 47626 #SUP: 187
24852 46979 47766 #SUP: 166
24852 47144 #SUP: 437
24852 47209 #SUP: 947
24852 47209 47626 #SUP: 173
24852 47626 #SUP: 2158
24852 47626 47766 #SUP: 477
24852 47626 49683 #SUP: 150
24852 47630 #SUP: 260
24852 47672 #SUP: 165
24852 47759 #SUP: 159
24852 47766 #SUP: 2216
24852 47766 48679 #SUP: 141
24852 47766 49683 #SUP: 166
24852 48205 #SUP: 231
24852 48679 #SUP: 549
24852 49235 #SUP: 500
24852 49520 #SUP: 140
24852 49683 #SUP: 743
24933 #SUP: 136
24954 #SUP: 384
24964 #SUP: 4158
24964 25659 #SUP: 139
24964 25890 #SUP: 140
24964 26209 #SUP: 654
24964 26209 31717 #SUP: 185
24964 26209 47209 #SUP: 143
24964 26209 47626 #SUP: 207
24964 26209 47766 #SUP: 163
24964 26369 #SUP: 145
24964 27086 #SUP: 137
24964 27104 #SUP: 311
24964 27156 #SUP: 165
24964 27521 #SUP: 252
24964 27845 #SUP: 340
24964 27966 #SUP: 348
24964 28204 #SUP: 144
24964 28842 #SUP: 149
24964 28985 #SUP: 278
24964 30391 #SUP: 415
24964 30489 #SUP: 151
24964 31506 #SUP: 161
24964 31717 #SUP: 518
24964 33731 #SUP: 177
24964 34126 #SUP: 492
24964 34243 #SUP: 142
24964 34969 #SUP: 167
24964 35939 #SUP: 170
24964 35951 #SUP: 145
24964 37067 #SUP: 154
24964 37646 #SUP: 185
24964 38383 #SUP: 153
24964 39275 #SUP: 205
24964 39877 #SUP: 168
24964 39928 #SUP: 162
24964 40604 #SUP: 148
24964 40706 #SUP: 314
24964 41950 #SUP: 249
24964 42265 #SUP: 192
24964 42736 #SUP: 138
24964 43789 #SUP: 180
24964 43961 #SUP: 148
24964 44359 #SUP: 384
24964 44632 #SUP: 158
24964 45007 #SUP: 472
24964 45066 #SUP: 219
24964 46667 #SUP: 444
24964 46979 #SUP: 349
24964 47209 #SUP: 657
24964 47626 #SUP: 780
24964 47626 47766 #SUP: 194
24964 47766 #SUP: 568
24964 48679 #SUP: 289
25005 #SUP: 255
25043 #SUP: 195
25072 #SUP: 200
25093 #SUP: 175
25133 #SUP: 186
25138 #SUP: 518
25146 #SUP: 1054
25197 #SUP: 199
25199 #SUP: 200
25256 #SUP: 216
25272 #SUP: 253
25340 #SUP: 291
25346 #SUP: 136
25466 #SUP: 689
25495 #SUP: 161
25513 #SUP: 497
25533 #SUP: 175
25544 #SUP: 321
25588 #SUP: 401
25630 #SUP: 155
25647 #SUP: 147
25659 #SUP: 1045
25659 26209 #SUP: 182
25659 31717 #SUP: 132
25659 47626 #SUP: 135
25659 47766 #SUP: 151
25691 #SUP: 143
25705 #SUP: 286
25706 #SUP: 159
25718 #SUP: 272
25753 #SUP: 324
25767 #SUP: 136
25783 #SUP: 199
25804 #SUP: 160
25824 #SUP: 524
25837 #SUP: 259
25890 #SUP: 2088
25890 26209 #SUP: 242
25890 27845 #SUP: 143
25890 30391 #SUP: 138
25890 40706 #SUP: 145
25890 45007 #SUP: 201
25890 45066 #SUP: 143
25890 46979 #SUP: 176
25890 47626 #SUP: 327
25890 47766 #SUP: 351
25890 48679 #SUP: 143
25890 49683 #SUP: 136
25919 #SUP: 166
25931 #SUP: 710
25949 #SUP: 184
25952 #SUP: 239
25985 #SUP: 239
26032 #SUP: 208
26040 #SUP: 165
26047 #SUP: 208
26088 #SUP: 136
26096 #SUP: 235
26128 #SUP: 322
26131 #SUP: 284
26165 #SUP: 847
26172 #SUP: 279
26177 #SUP: 198
26201 #SUP: 235
26209 #SUP: 6033
26209 26369 #SUP: 165
26209 26604 #SUP: 231
26209 27086 #SUP: 187
26209 27104 #SUP: 295
26209 27156 #SUP: 225
26209 27344 #SUP: 135
26209 27521 #SUP: 227
26209 27845 #SUP: 318
26209 27966 #SUP: 411
26209 28204 #SUP: 225
26209 28842 #SUP: 558
26209 28842 47626 #SUP: 190
26209 28842 47766 #SUP: 140
26209 28849 #SUP: 207
26209 28985 #SUP: 286
26209 29487 #SUP: 282
26209 30391 #SUP: 511
26209 30391 47626 #SUP: 172
26209 30489 #SUP: 234
26209 31506 #SUP: 186
26209 31553 #SUP: 210
26209 31717 #SUP: 1007
26209 31717 47209 #SUP: 179
26209 31717 47626 #SUP: 226
26209 31717 47766 #SUP: 220
26209 33198 #SUP: 142
26209 33731 #SUP: 161
26209 34126 #SUP: 325
26209 34358 #SUP: 312
26209 34969 #SUP: 291
26209 35221 #SUP: 153
26209 35939 #SUP: 233
26209 35951 #SUP: 146
26209 37067 #SUP: 140
26209 37646 #SUP: 247
26209 38383 #SUP: 141
26209 38739 #SUP: 160
26209 39275 #SUP: 285
26209 39877 #SUP: 234
26209 39928 #SUP: 180
26209 40604 #SUP: 176
26209 40706 #SUP: 367
26209 41950 #SUP: 264
26209 42265 #SUP: 257
26209 42585 #SUP: 145
26209 42701 #SUP: 138
26209 42736 #SUP: 146
26209 43352 #SUP: 188
26209 43789 #SUP: 166
26209 43961 #SUP: 225
26209 44142 #SUP: 203
26209 44359 #SUP: 291
26209 44632 #SUP: 262
26209 45007 #SUP: 494
26209 45007 47626 #SUP: 171
26209 45066 #SUP: 321
26209 46667 #SUP: 318
26209 46979 #SUP: 417
26209 46979 47626 #SUP: 170
26209 47209 #SUP: 786
26209 47209 47626 #SUP: 195
26209 47626 #SUP: 1595
26209 47626 47766 #SUP: 389
26209 47766 #SUP: 1037
26209 48679 #SUP: 305
26209 49235 #SUP: 174
26209 49683 #SUP: 285
26283 #SUP: 494
26298 #SUP: 151
26312 #SUP: 142
26315 #SUP: 185
26317 #SUP: 370
26324 #SUP: 198
26346 #SUP: 182
26348 #SUP: 489
26369 #SUP: 1221
26369 30391 #SUP: 176
26369 31717 #SUP: 159
26369 47209 #SUP: 172
26369 47626 #SUP: 155
26369 47766 #SUP: 152
26384 #SUP: 328
26497 #SUP: 615
26604 #SUP: 2843
26604 27845 #SUP: 166
26604 27966 #SUP: 491
26604 28204 #SUP: 162
26604 30391 #SUP: 188
26604 39275 #SUP: 363
26604 40706 #SUP: 165
26604 42265 #SUP: 150
26604 43352 #SUP: 334
26604 45007 #SUP: 147
26604 45066 #SUP: 143
26604 46979 #SUP: 153
26604 47209 #SUP: 271
26604 47626 #SUP: 304
26604 47766 #SUP: 293
26620 #SUP: 899
26620 44632 #SUP: 241
26629 #SUP: 192
26634 #SUP: 174
26648 #SUP: 200
26668 #SUP: 176
26683 #SUP: 147
26709 #SUP: 146
26751 #SUP: 207
26790 #SUP: 651
26800 #SUP: 433
26842 #SUP: 153
26856 #SUP: 223
26882 #SUP: 283
26914 #SUP: 285
26915 #SUP: 136
26940 #SUP: 730
26940 47209 #SUP: 164
27012 #SUP: 211
27020 #SUP: 252
27086 #SUP: 2424
27086 27845 #SUP: 168
27086 27966 #SUP: 161
27086 30391 #SUP: 147
27086 47209 #SUP: 225
27086 47626 #SUP: 242
27086 47766 #SUP: 203
27104 #SUP: 2651
27104 27521 #SUP: 138
27104 27845 #SUP: 190
27104 27966 #SUP: 298
27104 28985 #SUP: 191
27104 30391 #SUP: 266
27104 31717 #SUP: 273
27104 34126 #SUP: 169
27104 39275 #SUP: 162
27104 40706 #SUP: 211
27104 41950 #SUP: 158
27104 42265 #SUP: 169
27104 44359 #SUP: 210
27104 45007 #SUP: 351
27104 46667 #SUP: 166
27104 46979 #SUP: 252
27104 47209 #SUP: 372
27104 47626 #SUP: 347
27104 47766 #SUP: 333
27104 48679 #SUP: 203
27156 #SUP: 1576
27156 27966 #SUP: 138
27156 30391 #SUP: 143
27156 31717 #SUP: 170
27156 40706 #SUP: 136
27156 42768 #SUP: 134
27156 45007 #SUP: 139
27156 47209 #SUP: 238
27156 47626 #SUP: 170
27156 47766 #SUP: 235
27179 #SUP: 215
27196 #SUP: 225
27241 #SUP: 143
27243 #SUP: 329
27247 #SUP: 162
27275 #SUP: 136
27288 #SUP: 180
27307 #SUP: 323
27316 #SUP: 167
27323 #SUP: 543
27325 #SUP: 441
27336 #SUP: 607
27344 #SUP: 1788
27344 27845 #SUP: 133
27344 27966 #SUP: 173
27344 47209 #SUP: 191
27344 47626 #SUP: 166
27344 47766 #SUP: 147
27356 #SUP: 194
27360 #SUP: 347
27392 #SUP: 147
27429 #SUP: 143
27451 #SUP: 168
27454 #SUP: 144
27471 #SUP: 151
27509 #SUP: 175
27521 #SUP: 1761
27521 27966 #SUP: 181
27521 30391 #SUP: 224
27521 31717 #SUP: 199
27521 34126 #SUP: 169
27521 40706 #SUP: 137
27521 44359 #SUP: 182
27521 45007 #SUP: 193
27521 46667 #SUP: 160
27521 46979 #SUP: 132
27521 47209 #SUP: 276
27521 47626 #SUP: 286
27521 47766 #SUP: 224
27521 48679 #SUP: 144
27531 #SUP: 153
27544 #SUP: 191
27548 #SUP: 496
27554 #SUP: 133
27662 #SUP: 159
27663 #SUP: 181
27683 #SUP: 196
27690 #SUP: 269
27695 #SUP: 554
27730 #SUP: 459
27744 #SUP: 315
27796 #SUP: 488
27801 #SUP: 195
27845 #SUP: 4908
27845 27966 #SUP: 412
27845 28204 #SUP: 177
27845 28985 #SUP: 150
27845 30391 #SUP: 326
27845 30489 #SUP: 235
27845 31717 #SUP: 207
27845 33731 #SUP: 170
27845 34126 #SUP: 168
27845 34969 #SUP: 144
27845 37067 #SUP: 190
27845 37646 #SUP: 227
27845 39275 #SUP: 305
27845 39877 #SUP: 151
27845 39928 #SUP: 195
27845 40706 #SUP: 277
27845 41950 #SUP: 165
27845 42265 #SUP: 258
27845 42701 #SUP: 137
27845 42736 #SUP: 179
27845 42828 #SUP: 138
27845 43352 #SUP: 174
27845 43961 #SUP: 176
27845 44359 #SUP: 166
27845 44632 #SUP: 184
27845 45007 #SUP: 334
27845 45066 #SUP: 256
27845 46979 #SUP: 267
27845 47209 #SUP: 465
27845 47626 #SUP: 498
27845 47766 #SUP: 501
27845 48679 #SUP: 219
27845 49235 #SUP: 229
27881 #SUP: 158
27903 #SUP: 155
27925 #SUP: 222
27966 #SUP: 5546
27966 28204 #SUP: 183
27966 28985 #SUP: 224
27966 30233 #SUP: 138
27966 30391 #SUP: 566
27966 30391 47209 #SUP: 176
27966 30489 #SUP: 299
27966 31717 #SUP: 304
27966 33198 #SUP: 141
27966 34126 #SUP: 203
27966 34243 #SUP: 149
27966 35951 #SUP: 175
27966 37067 #SUP: 234
27966 37646 #SUP: 313
27966 39275 #SUP: 694
27966 39877 #SUP: 317
27966 39928 #SUP: 313
27966 40706 #SUP: 385
27966 41950 #SUP: 262
27966 42265 #SUP: 305
27966 43122 #SUP: 147
27966 43768 #SUP: 132
27966 43961 #SUP: 256
27966 44359 #SUP: 273
27966 44632 #SUP: 218
27966 45007 #SUP: 410
27966 45066 #SUP: 256
27966 46667 #SUP: 173
27966 46906 #SUP: 158
27966 46979 #SUP: 318
27966 47209 #SUP: 1019
27966 47626 #SUP: 502
27966 47766 #SUP: 479
27966 48679 #SUP: 273
27966 49235 #SUP: 178
27985 #SUP: 238
27999 #SUP: 183
28058 #SUP: 155
28123 #SUP: 273
28156 #SUP: 660
28199 #SUP: 1478
28204 #SUP: 3257
28204 28985 #SUP: 141
28204 30391 #SUP: 176
28204 30489 #SUP: 151
28204 34969 #SUP: 140
28204 39275 #SUP: 148
28204 40706 #SUP: 143
28204 42265 #SUP: 173
28204 45007 #SUP: 159
28204 46979 #SUP: 155
28204 47209 #SUP: 249
28204 47626 #SUP: 370
28204 47766 #SUP: 370
28204 49683 #SUP: 160
28226 #SUP: 149
28278 #SUP: 273
28289 #SUP: 830
28299 #SUP: 146
28373 #SUP: 332
28413 #SUP: 183
28427 #SUP: 395
28465 #SUP: 705
28465 36865 #SUP: 220
28476 #SUP: 393
28535 #SUP: 386
28553 #SUP: 365
28571 #SUP: 152
28597 #SUP: 222
28601 #SUP: 356
28647 #SUP: 149
28682 #SUP: 187
28745 #SUP: 429
28769 #SUP: 160
28785 #SUP: 276
28836 #SUP: 236
28842 #SUP: 1920
28842 29487 #SUP: 175
28842 45007 #SUP: 152
28842 47209 #SUP: 140
28842 47626 #SUP: 411
28842 47766 #SUP: 305
28849 #SUP: 1250
28849 31717 #SUP: 139
28849 47626 #SUP: 199
28849 47766 #SUP: 268
28913 #SUP: 134
28918 #SUP: 178
28928 #SUP: 291
28931 #SUP: 154
28934 #SUP: 687
28985 #SUP: 2627
28985 30391 #SUP: 308
28985 31717 #SUP: 209
28985 34126 #SUP: 159
28985 39275 #SUP: 142
28985 39877 #SUP: 139
28985 40706 #SUP: 188
28985 42265 #SUP: 164
28985 44359 #SUP: 226
28985 45007 #SUP: 286
28985 45066 #SUP: 152
28985 46667 #SUP: 180
28985 46979 #SUP: 210
28985 47209 #SUP: 346
28985 47626 #SUP: 480
28985 47766 #SUP: 413
28985 48679 #SUP: 184
28985 49683 #SUP: 133
28986 #SUP: 205
28990 #SUP: 149
28993 #SUP: 728
29077 #SUP: 177
29095 #SUP: 158
29127 #SUP: 419
29223 #SUP: 256
29270 #SUP: 140
29307 #SUP: 459
29311 #SUP: 139
29345 #SUP: 138
29363 #SUP: 142
29370 #SUP: 308
29418 #SUP: 159
29439 #SUP: 146
29447 #SUP: 572
29487 #SUP: 1953
29487 44142 #SUP: 134
29487 47626 #SUP: 264
29487 47766 #SUP: 254
29553 #SUP: 471
29594 #SUP: 227
29615 #SUP: 234
29628 #SUP: 167
29662 #SUP: 392
29675 #SUP: 390
29801 #SUP: 137
29871 #SUP: 148
29898 #SUP: 234
29926 #SUP: 380
29941 #SUP: 236
29987 #SUP: 944
29987 47766 #SUP: 133
29993 #SUP: 177
30021 #SUP: 225
30169 #SUP: 638
30183 #SUP: 246
30233 #SUP: 1137
30233 47209 #SUP: 177
30252 #SUP: 149
30290 #SUP: 226
30305 #SUP: 315
30340 #SUP: 197
30353 #SUP: 415
30391 #SUP: 4613
30391 30489 #SUP: 236
30391 31717 #SUP: 399
30391 33731 #SUP: 144
30391 34126 #SUP: 279
30391 34243 #SUP: 139
30391 34969 #SUP: 209
30391 35951 #SUP: 175
30391 37067 #SUP: 192
30391 37646 #SUP: 321
30391 39275 #SUP: 357
30391 39877 #SUP: 312
30391 39928 #SUP: 221
30391 40604 #SUP: 171
30391 40706 #SUP: 505
30391 41220 #SUP: 187
30391 41950 #SUP: 315
30391 42265 #SUP: 323
30391 43768 #SUP: 149
30391 43961 #SUP: 245
30391 44359 #SUP: 404
30391 44632 #SUP: 153
30391 45007 #SUP: 487
30391 45066 #SUP: 237
30391 46667 #SUP: 260
30391 46979 #SUP: 344
30391 47209 #SUP: 831
30391 47626 #SUP: 670
30391 47626 47766 #SUP: 145
30391 47766 #SUP: 548
30391 48679 #SUP: 269
30391 49235 #SUP: 137
30406 #SUP: 421
30442 #SUP: 272
30450 #SUP: 850
30480 #SUP: 224
30489 #SUP: 2858
30489 37646 #SUP: 175
30489 39275 #SUP: 179
30489 40706 #SUP: 198
30489 42265 #SUP: 338
30489 43961 #SUP: 266
30489 44632 #SUP: 162
30489 45007 #SUP: 201
30489 45066 #SUP: 169
30489 46979 #SUP: 166
30489 47209 #SUP: 359
30489 47626 #SUP: 336
30489 47766 #SUP: 348
30561 #SUP: 165
30591 #SUP: 163
30639 #SUP: 325
30668 #SUP: 139
30696 #SUP: 470
30720 #SUP: 657
30776 #SUP: 855
30795 #SUP: 137
30827 #SUP: 693
30850 #SUP: 186
30949 #SUP: 262
31040 #SUP: 707
31066 #SUP: 407
31102 #SUP: 198
31215 #SUP: 445
31231 #SUP: 190
31268 #SUP: 188
31288 #SUP: 147
31338 #SUP: 229
31342 #SUP: 151
31343 #SUP: 1036
31371 #SUP: 268
31404 #SUP: 164
31433 #SUP: 384
31506 #SUP: 2068
31506 45007 #SUP: 139
31506 47209 #SUP: 181
31506 47626 #SUP: 256
31506 47766 #SUP: 197
31553 #SUP: 1284
31553 31717 #SUP: 138
31553 34358 #SUP: 151
31553 47626 #SUP: 283
31553 47766 #SUP: 155
31562 #SUP: 344
31564 #SUP: 230
31618 #SUP: 169
31635 #SUP: 195
31640 #SUP: 178
31651 #SUP: 321
31663 #SUP: 239
31683 #SUP: 819
31717 #SUP: 3526
31717 34126 #SUP: 373
31717 34358 #SUP: 170
31717 34969 #SUP: 144
31717 35939 #SUP: 230
31717 37646 #SUP: 147
31717 39275 #SUP: 195
31717 39877 #SUP: 145
31717 40706 #SUP: 276
31717 41950 #SUP: 229
31717 42265 #SUP: 137
31717 43961 #SUP: 145
31717 44359 #SUP: 274
31717 45007 #SUP: 343
31717 45066 #SUP: 140
31717 46667 #SUP: 308
31717 46979 #SUP: 246
31717 47209 #SUP: 509
31717 47626 #SUP: 507
31717 47626 47766 #SUP: 143
31717 47766 #SUP: 528
31717 48679 #SUP: 234
31720 #SUP: 260
31759 #SUP: 321
31766 #SUP: 368
31805 #SUP: 279
31869 #SUP: 329
31883 #SUP: 169
31893 #SUP: 156
31915 #SUP: 501
31927 #SUP: 227
31964 #SUP: 483
31981 #SUP: 312
32030 #SUP: 219
32052 #SUP: 155
32079 #SUP: 170
32139 #SUP: 235
32141 #SUP: 148
32156 #SUP: 238
32177 #SUP: 610
32211 #SUP: 203
32293 #SUP: 138
32299 #SUP: 203
32303 #SUP: 554
32331 #SUP: 182
32338 #SUP: 175
32360 #SUP: 254
32369 #SUP: 147
32403 #SUP: 332
32429 #SUP: 390
32433 #SUP: 497
32446 #SUP: 167
32455 #SUP: 307
32465 #SUP: 399
32467 #SUP: 167
32478 #SUP: 763
32553 #SUP: 178
32566 #SUP: 289
32573 #SUP: 185
32578 #SUP: 224
32605 #SUP: 184
32650 #SUP: 379
32655 #SUP: 1052
32665 #SUP: 194
32684 #SUP: 154
32689 #SUP: 988
32691 #SUP: 443
32717 #SUP: 195
32734 #SUP: 640
32740 #SUP: 213
32747 #SUP: 360
32784 #SUP: 182
32864 #SUP: 914
33000 #SUP: 1476
33037 #SUP: 143
33043 #SUP: 329
33055 #SUP: 337
33065 #SUP: 237
33081 #SUP: 188
33120 #SUP: 834
33129 #SUP: 694
33147 #SUP: 237
33198 #SUP: 1803
33198 47209 #SUP: 171
33198 47626 #SUP: 158
33232 #SUP: 203
33279 #SUP: 215
33290 #SUP: 250
33303 #SUP: 175
33351 #SUP: 237
33352 #SUP: 401
33401 #SUP: 568
33407 #SUP: 134
33438 #SUP: 188
33452 #SUP: 275
33493 #SUP: 258
33527 #SUP: 151
33548 #SUP: 309
33572 #SUP: 288
33614 #SUP: 150
33636 #SUP: 226
33647 #SUP: 211
33651 #SUP: 218
33671 #SUP: 136
33716 #SUP: 252
33731 #SUP: 1694
33731 40706 #SUP: 140
33731 45007 #SUP: 175
33731 46979 #SUP: 137
33731 47209 #SUP: 197
33731 47626 #SUP: 241
33731 47766 #SUP: 195
33754 #SUP: 973
33754 33787 #SUP: 227
33754 40571 #SUP: 166
33768 #SUP: 542
33787 #SUP: 644
33787 40571 #SUP: 172
33791 #SUP: 176
33819 #SUP: 144
33845 #SUP: 186
33846 #SUP: 309
33884 #SUP: 136
33894 #SUP: 266
33957 #SUP: 198
34005 #SUP: 164
34024 #SUP: 261
34034 #SUP: 173
34049 #SUP: 137
34050 #SUP: 581
34126 #SUP: 2400
34126 39275 #SUP: 144
34126 39984 #SUP: 138
34126 40706 #SUP: 199
34126 41950 #SUP: 150
34126 43789 #SUP: 141
34126 44359 #SUP: 301
34126 45007 #SUP: 290
34126 46667 #SUP: 188
34126 46979 #SUP: 204
34126 47209 #SUP: 306
34126 47626 #SUP: 468
34126 47766 #SUP: 232
34128 #SUP: 196
34134 #SUP: 268
34137 #SUP: 265
34160 #SUP: 148
34197 #SUP: 168
34217 #SUP: 394
34234 #SUP: 293
34243 #SUP: 1351
34243 45007 #SUP: 155
34243 46979 #SUP: 150
34243 47209 #SUP: 254
34243 47626 #SUP: 159
34262 #SUP: 494
34270 #SUP: 168
34287 #SUP: 141
34335 #SUP: 191
34358 #SUP: 1920
34358 45007 #SUP: 182
34358 46979 #SUP: 151
34358 47209 #SUP: 133
34358 47626 #SUP: 443
34358 47766 #SUP: 183
34429 #SUP: 267
34448 #SUP: 684
34449 #SUP: 151
34466 #SUP: 443
34487 #SUP: 190
34497 #SUP: 139
34530 #SUP: 287
34551 #SUP: 244
34565 #SUP: 174
34582 #SUP: 139
34584 #SUP: 378
34590 #SUP: 216
34658 #SUP: 154
34668 #SUP: 262
34824 #SUP: 145
34862 #SUP: 272
34949 #SUP: 136
34969 #SUP: 2234
34969 45007 #SUP: 196
34969 46979 #SUP: 174
34969 47209 #SUP: 215
34969 47626 #SUP: 344
34969 47766 #SUP: 374
34969 49683 #SUP: 171
34993 #SUP: 189
35004 #SUP: 448
35042 #SUP: 734
35045 #SUP: 166
35108 #SUP: 808
35121 #SUP: 174
35132 #SUP: 156
35140 #SUP: 476
35163 #SUP: 493
35167 #SUP: 172
35168 #SUP: 222
35176 #SUP: 168
35199 #SUP: 236
35217 #SUP: 157
35221 #SUP: 1966
35221 44632 #SUP: 505
35221 47209 #SUP: 154
35221 47626 #SUP: 181
35221 47766 #SUP: 180
35321 #SUP: 156
35336 #SUP: 299
35383 #SUP: 332
35503 #SUP: 358
35507 #SUP: 179
35510 #SUP: 177
35535 #SUP: 336
35547 #SUP: 619
35561 #SUP: 637
35628 #SUP: 443
35633 #SUP: 184
35652 #SUP: 188
35749 #SUP: 148
35750 #SUP: 166
35752 #SUP: 248
35761 #SUP: 146
35762 #SUP: 135
35842 #SUP: 154
35851 #SUP: 147
35855 #SUP: 184
35886 #SUP: 145
35887 #SUP: 398
35898 #SUP: 495
35914 #SUP: 361
35921 #SUP: 769
35939 #SUP: 850
35939 47209 #SUP: 140
35946 #SUP: 141
35948 #SUP: 194
35951 #SUP: 2176
35951 39275 #SUP: 143
35951 45007 #SUP: 162
35951 47209 #SUP: 319
35951 47626 #SUP: 183
35951 47766 #SUP: 218
35973 #SUP: 138
35986 #SUP: 150
35989 #SUP: 211
36011 #SUP: 811
36036 #SUP: 207
36070 #SUP: 754
36076 #SUP: 249
36082 #SUP: 313
36086 #SUP: 368
36107 #SUP: 254
36127 #SUP: 238
36164 #SUP: 160
36186 #SUP: 201
36205 #SUP: 149
36316 #SUP: 460
36316 47977 #SUP: 144
36389 #SUP: 285
36406 #SUP: 166
36431 #SUP: 193
36550 #SUP: 562
36606 #SUP: 168
36651 #SUP: 182
36685 #SUP: 162
36695 #SUP: 926
36695 47209 #SUP: 194
36724 #SUP: 345
36735 #SUP: 457
36772 #SUP: 332
36854 #SUP: 135
36865 #SUP: 576
36929 #SUP: 306
36956 #SUP: 333
36994 #SUP: 144
37011 #SUP: 315
37029 #SUP: 423
37053 #SUP: 165
37065 #SUP: 442
37067 #SUP: 2332
37067 39275 #SUP: 157
37067 40706 #SUP: 148
37067 45007 #SUP: 151
37067 47209 #SUP: 365
37067 47626 #SUP: 176
37067 47766 #SUP: 188
37107 #SUP: 164
37119 #SUP: 296
37141 #SUP: 291
37158 #SUP: 570
37215 #SUP: 199
37220 #SUP: 460
37229 #SUP: 218
37250 #SUP: 216
37276 #SUP: 172
37317 #SUP: 178
37464 #SUP: 200
37496 #SUP: 150
37524 #SUP: 450
37552 #SUP: 187
37642 #SUP: 133
37646 #SUP: 2809
37646 39275 #SUP: 218
37646 39877 #SUP: 160
37646 39928 #SUP: 144
37646 40706 #SUP: 196
37646 41950 #SUP: 138
37646 42265 #SUP: 209
37646 43961 #SUP: 142
37646 44359 #SUP: 143
37646 45007 #SUP: 222
37646 46979 #SUP: 177
37646 47209 #SUP: 401
37646 47626 #SUP: 318
37646 47766 #SUP: 337
37646 48679 #SUP: 156
37687 #SUP: 1362
37687 47209 #SUP: 137
37687 47626 #SUP: 133
37687 47766 #SUP: 148
37710 #SUP: 533
37718 #SUP: 243
37766 #SUP: 635
37825 #SUP: 257
37919 #SUP: 154
37940 #SUP: 203
37947 #SUP: 134
38028 #SUP: 256
38159 #SUP: 692
38164 #SUP: 461
38185 #SUP: 234
38192 #SUP: 138
38200 #SUP: 327
38266 #SUP: 160
38273 #SUP: 511
38274 #SUP: 248
38288 #SUP: 176
38293 #SUP: 958
38293 47766 #SUP: 170
38300 #SUP: 178
38312 #SUP: 187
38313 #SUP: 140
38371 #SUP: 172
38374 #SUP: 220
38383 #SUP: 850
38383 47209 #SUP: 139
38400 #SUP: 633
38419 #SUP: 192
38444 #SUP: 193
38453 #SUP: 144
38456 #SUP: 845
38510 #SUP: 200
38544 #SUP: 245
38548 #SUP: 134
38557 #SUP: 593
38562 #SUP: 189
38563 #SUP: 145
38622 #SUP: 150
38647 #SUP: 168
38650 #SUP: 296
38656 #SUP: 238
38662 #SUP: 174
38689 #SUP: 1206
38689 47766 #SUP: 178
38693 #SUP: 297
38730 #SUP: 145
38739 #SUP: 1633
38739 45007 #SUP: 137
38739 47626 #SUP: 225
38768 #SUP: 591
38772 #SUP: 368
38775 #SUP: 143
38777 #SUP: 590
38827 #SUP: 151
38890 #SUP: 369
38928 #SUP: 413
38944 #SUP: 341
38988 #SUP: 140
38996 #SUP: 261
39001 #SUP: 137
39024 #SUP: 216
39032 #SUP: 203
39040 #SUP: 302
39041 #SUP: 231
39046 #SUP: 196
39055 #SUP: 155
39059 #SUP: 135
39097 #SUP: 252
39108 #SUP: 388
39121 #SUP: 233
39160 #SUP: 140
39180 #SUP: 483
39190 #SUP: 516
39216 #SUP: 211
39275 #SUP: 4966
39275 39877 #SUP: 166
39275 39928 #SUP: 185
39275 40706 #SUP: 291
39275 41950 #SUP: 156
39275 42265 #SUP: 346
39275 43352 #SUP: 574
39275 43961 #SUP: 142
39275 44359 #SUP: 145
39275 44632 #SUP: 141
39275 45007 #SUP: 290
39275 45066 #SUP: 232
39275 46979 #SUP: 249
39275 47209 #SUP: 485
39275 47626 #SUP: 479
39275 47766 #SUP: 447
39275 48679 #SUP: 172
39275 49235 #SUP: 148
39276 #SUP: 360
39332 #SUP: 134
39408 #SUP: 959
39409 #SUP: 168
39411 #SUP: 166
39427 #SUP: 134
39430 #SUP: 224
39468 #SUP: 136
39475 #SUP: 951
39475 47626 #SUP: 138
39491 #SUP: 162
39527 #SUP: 161
39558 #SUP: 371
39560 #SUP: 178
39561 #SUP: 437
39581 #SUP: 362
39619 #SUP: 772
39657 #SUP: 259
39719 #SUP: 161
39812 #SUP: 665
39812 47626 #SUP: 133
39844 #SUP: 167
39877 #SUP: 2337
39877 39928 #SUP: 136
39877 40706 #SUP: 181
39877 42265 #SUP: 182
39877 44359 #SUP: 204
39877 45007 #SUP: 201
39877 46979 #SUP: 132
39877 47209 #SUP: 355
39877 47626 #SUP: 301
39877 47766 #SUP: 252
39877 48679 #SUP: 144
39921 #SUP: 246
39922 #SUP: 367
39928 #SUP: 1880
39928 40706 #SUP: 158
39928 45007 #SUP: 191
39928 47209 #SUP: 348
39928 47626 #SUP: 212
39928 47766 #SUP: 233
39947 #SUP: 518
39984 #SUP: 631
39984 47626 #SUP: 136
39993 #SUP: 708
40001 #SUP: 187
40002 #SUP: 280
40009 #SUP: 167
40063 #SUP: 380
40136 #SUP: 200
40174 #SUP: 686
40198 #SUP: 506
40199 #SUP: 614
40229 #SUP: 187
40233 #SUP: 176
40261 #SUP: 178
40268 #SUP: 276
40310 #SUP: 897
40332 #SUP: 690
40338 #SUP: 195
40348 #SUP: 310
40354 #SUP: 235
40377 #SUP: 345
40396 #SUP: 654
40516 #SUP: 624
40545 #SUP: 667
40571 #SUP: 648
40593 #SUP: 330
40604 #SUP: 1449
40604 40706 #SUP: 182
40604 45007 #SUP: 142
40604 47209 #SUP: 171
40604 47626 #SUP: 268
40604 47766 #SUP: 257
40706 #SUP: 3823
40706 41950 #SUP: 142
40706 42265 #SUP: 273
40706 43961 #SUP: 197
40706 44359 #SUP: 197
40706 44632 #SUP: 146
40706 45007 #SUP: 397
40706 45066 #SUP: 214
40706 46979 #SUP: 318
40706 47209 #SUP: 498
40706 47626 #SUP: 577
40706 47626 47766 #SUP: 174
40706 47766 #SUP: 684
40706 48679 #SUP: 221
40706 49683 #SUP: 180
40709 #SUP: 597
40723 #SUP: 730
40852 #SUP: 167
40878 #SUP: 135
40910 #SUP: 340
40939 #SUP: 342
40992 #SUP: 159
41065 #SUP: 387
41065 45007 #SUP: 181
41131 #SUP: 157
41149 #SUP: 823
41149 45007 #SUP: 132
41165 #SUP: 187
41177 #SUP: 190
41198 #SUP: 151
41220 #SUP: 1154
41220 47209 #SUP: 177
41220 47626 #SUP: 139
41220 47766 #SUP: 132
41238 #SUP: 186
41259 #SUP: 305
41273 #SUP: 326
41276 #SUP: 234
41290 #SUP: 791
41319 #SUP: 302
41351 #SUP: 187
41400 #SUP: 359
41540 #SUP: 200
41544 #SUP: 304
41570 #SUP: 194
41588 #SUP: 391
41593 #SUP: 243
41658 #SUP: 380
41665 #SUP: 664
41690 #SUP: 225
41757 #SUP: 166
41774 #SUP: 139
41787 #SUP: 1207
41787 45066 #SUP: 146
41787 47626 #SUP: 174
41787 47766 #SUP: 157
41806 #SUP: 150
41844 #SUP: 1218
41950 #SUP: 2538
41950 42265 #SUP: 132
41950 44359 #SUP: 144
41950 45007 #SUP: 260
41950 46979 #SUP: 172
41950 47209 #SUP: 491
41950 47626 #SUP: 291
41950 47766 #SUP: 234
41950 48679 #SUP: 132
42110 #SUP: 409
42139 #SUP: 140
42193 #SUP: 156
42240 #SUP: 368
42244 #SUP: 531
42265 #SUP: 3597
42265 43352 #SUP: 193
42265 44359 #SUP: 206
42265 44632 #SUP: 140
42265 45007 #SUP: 262
42265 45066 #SUP: 264
42265 46979 #SUP: 187
42265 47209 #SUP: 429
42265 47626 #SUP: 417
42265 47766 #SUP: 385
42265 48679 #SUP: 170
42265 49683 #SUP: 153
42342 #SUP: 928
42356 #SUP: 622
42445 #SUP: 428
42450 #SUP: 712
42460 #SUP: 344
42475 #SUP: 220
42495 #SUP: 286
42500 #SUP: 166
42557 #SUP: 313
42585 #SUP: 1186
42585 47626 #SUP: 170
42585 47766 #SUP: 174
42625 #SUP: 658
42625 47626 #SUP: 174
42633 #SUP: 181
42701 #SUP: 1047
42701 47766 #SUP: 138
42719 #SUP: 452
42731 #SUP: 229
42736 #SUP: 1435
42736 47626 #SUP: 225
42736 47766 #SUP: 149
42768 #SUP: 1141
42768 47209 #SUP: 142
42768 47626 #SUP: 189
42768 47766 #SUP: 163
42803 #SUP: 284
42828 #SUP: 1078
42828 47209 #SUP: 139
43014 #SUP: 269
43076 #SUP: 134
43086 #SUP: 644
43122 #SUP: 980
43122 47209 #SUP: 182
43129 #SUP: 364
43136 #SUP: 157
43154 #SUP: 686
43183 #SUP: 219
43192 #SUP: 197
43209 #SUP: 141
43262 #SUP: 213
43263 #SUP: 202
43279 #SUP: 216
43295 #SUP: 1248
43352 #SUP: 3279
43352 45066 #SUP: 146
43352 47209 #SUP: 172
43352 47626 #SUP: 325
43352 47766 #SUP: 280
43394 #SUP: 265
43409 #SUP: 247
43504 #SUP: 451
43565 #SUP: 350
43568 #SUP: 155
43631 #SUP: 348
43643 #SUP: 193
43654 #SUP: 170
43662 #SUP: 437
43692 #SUP: 157
43693 #SUP: 159
43712 #SUP: 167
43713 #SUP: 760
43735 #SUP: 235
43768 #SUP: 943
43768 47209 #SUP: 167
43772 #SUP: 1024
43789 #SUP: 1222
43789 45007 #SUP: 174
43789 47209 #SUP: 159
43789 47626 #SUP: 199
43858 #SUP: 173
43867 #SUP: 285
43875 #SUP: 310
43889 #SUP: 166
43928 #SUP: 141
43961 #SUP: 2460
43961 44632 #SUP: 142
43961 45007 #SUP: 165
43961 45066 #SUP: 166
43961 46979 #SUP: 142
43961 47209 #SUP: 266
43961 47626 #SUP: 264
43961 47766 #SUP: 352
43967 #SUP: 236
44008 #SUP: 395
44014 #SUP: 180
44042 #SUP: 202
44085 #SUP: 180
44098 #SUP: 207
44116 #SUP: 162
44142 #SUP: 1468
44142 47626 #SUP: 254
44142 47766 #SUP: 186
44156 #SUP: 282
44201 #SUP: 150
44234 #SUP: 394
44245 #SUP: 227
44292 #SUP: 216
44303 #SUP: 193
44310 #SUP: 205
44325 #SUP: 158
44359 #SUP: 2623
44359 45007 #SUP: 302
44359 45066 #SUP: 132
44359 46667 #SUP: 226
44359 46979 #SUP: 171
44359 47209 #SUP: 417
44359 47626 #SUP: 384
44359 47766 #SUP: 262
44359 48679 #SUP: 186
44368 #SUP: 186
44375 #SUP: 285
44422 #SUP: 747
44449 #SUP: 584
44471 #SUP: 225
44475 #SUP: 159
44479 #SUP: 363
44487 #SUP: 192
44514 #SUP: 298
44533 #SUP: 147
44548 #SUP: 237
44560 #SUP: 451
44570 #SUP: 616
44580 #SUP: 178
44628 #SUP: 400
44632 #SUP: 3359
44632 45007 #SUP: 161
44632 45066 #SUP: 187
44632 46979 #SUP: 144
44632 47209 #SUP: 296
44632 47626 #SUP: 331
44632 47766 #SUP: 341
44661 #SUP: 365
44683 #SUP: 1149
44683 47626 #SUP: 148
44750 #SUP: 140
44765 #SUP: 465
44795 #SUP: 205
44799 #SUP: 397
44843 #SUP: 185
44910 #SUP: 777
44912 #SUP: 164
44949 #SUP: 174
44987 #SUP: 878
45002 #SUP: 176
45007 #SUP: 4589
45007 45066 #SUP: 239
45007 46667 #SUP: 196
45007 46979 #SUP: 471
45007 47209 #SUP: 645
45007 47626 #SUP: 736
45007 47626 47766 #SUP: 141
45007 47766 #SUP: 597
45007 48679 #SUP: 381
45007 48745 #SUP: 207
45007 49683 #SUP: 163
45013 #SUP: 239
45051 #SUP: 163
45061 #SUP: 187
45063 #SUP: 339
45064 #SUP: 316
45066 #SUP: 3551
45066 46979 #SUP: 223
45066 47209 #SUP: 369
45066 47626 #SUP: 542
45066 47626 47766 #SUP: 137
45066 47766 #SUP: 563
45066 48679 #SUP: 167
45104 #SUP: 436
45106 #SUP: 211
45123 #SUP: 546
45149 #SUP: 162
45190 #SUP: 191
45200 #SUP: 444
45210 #SUP: 194
45290 #SUP: 164
45364 #SUP: 208
45368 #SUP: 163
45437 #SUP: 150
45445 #SUP: 188
45504 #SUP: 302
45535 #SUP: 536
45537 #SUP: 142
45541 #SUP: 164
45570 #SUP: 250
45578 #SUP: 160
45603 #SUP: 644
45613 #SUP: 240
45622 #SUP: 176
45633 #SUP: 220
45645 #SUP: 135
45646 #SUP: 378
45664 #SUP: 138
45679 #SUP: 145
45681 #SUP: 292
45698 #SUP: 142
45747 #SUP: 319
45763 #SUP: 294
45788 #SUP: 170
45840 #SUP: 230
45866 #SUP: 195
45946 #SUP: 141
45948 #SUP: 347
45965 #SUP: 193
46023 #SUP: 135
46041 #SUP: 349
46049 #SUP: 271
46061 #SUP: 273
46069 #SUP: 173
46088 #SUP: 224
46107 #SUP: 132
46138 #SUP: 154
46149 #SUP: 347
46175 #SUP: 294
46206 #SUP: 231
46226 #SUP: 257
46260 #SUP: 196
46346 #SUP: 191
46473 #SUP: 168
46505 #SUP: 160
46522 #SUP: 430
46526 #SUP: 143
46562 #SUP: 150
46572 #SUP: 302
46584 #SUP: 459
46616 #SUP: 408
46650 #SUP: 258
46654 #SUP: 874
46667 #SUP: 2007
46667 47209 #SUP: 319
46667 47626 #SUP: 324
46667 47766 #SUP: 215
46667 48679 #SUP: 133
46676 #SUP: 993
46676 47766 #SUP: 137
46692 #SUP: 280
46709 #SUP: 193
46720 #SUP: 527
46802 #SUP: 1077
46817 #SUP: 191
46820 #SUP: 458
46842 #SUP: 283
46886 #SUP: 372
46900 #SUP: 258
46906 #SUP: 1527
46906 47209 #SUP: 167
46906 47626 #SUP: 182
46906 47766 #SUP: 200
46941 #SUP: 214
46962 #SUP: 158
46969 #SUP: 706
46969 47209 #SUP: 140
46979 #SUP: 3868
46979 47209 #SUP: 422
46979 47626 #SUP: 702
46979 47626 47766 #SUP: 135
46979 47766 #SUP: 501
46979 48679 #SUP: 235
46979 49683 #SUP: 137
46990 #SUP: 231
47029 #SUP: 263
47042 #SUP: 373
47087 #SUP: 188
47119 #SUP: 167
47141 #SUP: 565
47144 #SUP: 1465
47144 47626 #SUP: 150
47144 47766 #SUP: 151
47145 #SUP: 162
47156 #SUP: 353
47185 #SUP: 161
47209 #SUP: 7293
47209 47626 #SUP: 733
47209 48679 #SUP: 400
47209 49235 #SUP: 191
47209 49683 #SUP: 183
47226 #SUP: 175
47229 #SUP: 238
47280 #SUP: 181
47357 #SUP: 325
47388 #SUP: 181
47402 #SUP: 144
47479 #SUP: 135
47492 #SUP: 254
47526 #SUP: 262
47601 #SUP: 196
47626 #SUP: 8135
47626 47630 #SUP: 142
47626 47766 #SUP: 1349
47626 48679 #SUP: 388
47626 49235 #SUP: 240
47626 49683 #SUP: 424
47630 #SUP: 796
47652 #SUP: 247
47672 #SUP: 835
47717 #SUP: 159
47734 #SUP: 785
47759 #SUP: 489
47766 #SUP: 7409
47766 48679 #SUP: 400
47766 49235 #SUP: 197
47766 49683 #SUP: 403
47788 #SUP: 430
47792 #SUP: 312
47865 #SUP: 156
47866 #SUP: 267
47877 #SUP: 326
47890 #SUP: 231
47900 #SUP: 228
47912 #SUP: 323
47966 #SUP: 232
47977 #SUP: 630
47990 #SUP: 176
47993 #SUP: 212
48004 #SUP: 156
48015 #SUP: 135
48057 #SUP: 211
48094 #SUP: 213
48099 #SUP: 137
48104 #SUP: 288
48109 #SUP: 181
48142 #SUP: 154
48171 #SUP: 336
48183 #SUP: 180
48186 #SUP: 166
48205 #SUP: 878
48220 #SUP: 160
48230 #SUP: 145
48246 #SUP: 143
48287 #SUP: 203
48299 #SUP: 264
48364 #SUP: 916
48370 #SUP: 184
48395 #SUP: 397
48455 #SUP: 137
48523 #SUP: 333
48527 #SUP: 342
48559 #SUP: 366
48595 #SUP: 270
48628 #SUP: 400
48679 #SUP: 2568
48697 #SUP: 368
48720 #SUP: 211
48726 #SUP: 184
48745 #SUP: 663
48775 #SUP: 590
48812 #SUP: 242
48825 #SUP: 165
48857 #SUP: 282
48871 #SUP: 167
49026 #SUP: 157
49054 #SUP: 170
49075 #SUP: 572
49098 #SUP: 226
49111 #SUP: 199
49113 #SUP: 203
49131 #SUP: 444
49139 #SUP: 183
49175 #SUP: 385
49191 #SUP: 503
49198 #SUP: 138
49215 #SUP: 194
49235 #SUP: 2646
49236 #SUP: 212
49247 #SUP: 270
49273 #SUP: 155
49279 #SUP: 157
49381 #SUP: 206
49383 #SUP: 641
49416 #SUP: 173
49481 #SUP: 149
49517 #SUP: 185
49520 #SUP: 651
49533 #SUP: 336
49585 #SUP: 137
49605 #SUP: 261
49610 #SUP: 330
49621 #SUP: 168
49628 #SUP: 186
49683 #SUP: 2413
